1.768758984	3.94814E-06
1.80151378	3.95693E-06
1.834268576	3.94838E-06
1.867023372	3.95772E-06
1.899778168	3.96075E-06
1.932532964	3.95634E-06
1.96528776	3.94956E-06
1.998042556	3.94641E-06
2.030797352	3.94547E-06
2.063552148	3.94275E-06
2.096306944	3.94405E-06
2.12906174	3.93636E-06
2.161816536	3.93495E-06
2.194571332	3.93806E-06
2.227326128	3.93104E-06
2.260080924	3.92852E-06
2.29283572	3.92115E-06
2.325590516	3.92068E-06
2.358345312	3.91745E-06
2.391100108	3.92009E-06
2.423854904	3.91513E-06
2.4566097	3.91004E-06
2.489364496	3.90697E-06
2.522119292	3.90397E-06
2.554874088	3.90185E-06
2.587628884	3.90051E-06
2.62038368	3.89286E-06
2.653138476	3.90106E-06
2.685893272	3.88999E-06
2.718648068	3.87899E-06
2.751402864	3.87663E-06
2.78415766	3.87265E-06
2.816912456	3.87324E-06
2.849667252	3.86926E-06
2.882422048	3.86469E-06
2.915176844	3.86044E-06
2.94793164	3.86095E-06
2.980686436	3.85366E-06
3.013441232	3.84877E-06
3.046196028	3.85157E-06
3.078950824	3.85614E-06
3.11170562	3.8457E-06
3.144460416	3.84018E-06
3.177215212	3.8353E-06
3.209970008	3.83144E-06
3.242724804	3.82604E-06
3.2754796	3.82899E-06
3.308234396	3.82415E-06
3.340989192	3.81894E-06
3.373743988	3.81701E-06
3.406498784	3.81366E-06
3.43925358	3.80815E-06
3.472008376	3.80129E-06
3.504763172	3.80559E-06
3.537517968	3.80488E-06
3.570272764	3.79972E-06
3.60302756	3.7942E-06
3.635782356	3.78518E-06
3.668537152	3.78482E-06
3.701291948	3.77986E-06
3.734046744	3.77667E-06
3.76680154	3.77182E-06
3.799556336	3.77675E-06
3.832311132	3.76977E-06
3.865065928	3.76512E-06
3.897820724	3.76027E-06
3.93057552	3.76158E-06
3.963330316	3.75669E-06
3.996085112	3.75267E-06
4.028839908	3.74708E-06
4.061594704	3.74763E-06
4.0943495	3.74463E-06
4.127104296	3.73569E-06
4.159859092	3.73569E-06
4.192613888	3.73261E-06
4.225368684	3.72962E-06
4.25812348	3.72383E-06
4.290878276	3.71697E-06
4.323633072	3.71406E-06
4.356387868	3.71213E-06
4.389142664	3.70964E-06
4.42189746	3.70783E-06
4.454652256	3.70582E-06
4.487407052	3.70783E-06
4.520161848	3.70574E-06
4.552916644	3.70354E-06
4.58567144	3.69696E-06
4.618426236	3.69566E-06
4.651181032	3.69187E-06
4.683935828	3.69164E-06
4.716690624	3.69164E-06
4.74944542	3.6873E-06
4.782200216	3.686E-06
4.814955012	3.6784E-06
4.847709808	3.67777E-06
4.880464604	3.66792E-06
4.9132194	3.67702E-06
4.945974196	3.66792E-06
4.978728992	3.65677E-06
5.011483788	3.66039E-06
5.044238584	3.66189E-06
5.07699338	3.65436E-0
