0	3.94023E-06
0.032754796	3.95189E-06
0.065509592	3.97049E-06
0.098264388	3.98014E-06
0.131019184	3.99298E-06
0.16377398	3.98707E-06
0.196528776	3.99314E-06
0.229283572	4.00961E-06
0.262038368	4.01611E-06
0.294793164	4.02557E-06
0.32754796	4.02226E-06
0.360302756	4.02723E-06
0.393057552	4.04082E-06
0.425812348	4.03361E-06
0.458567144	4.04267E-06
0.49132194	4.03715E-06
0.524076736	4.04476E-06
0.556831532	4.05587E-06
0.589586328	4.06383E-06
0.622341124	4.06749E-06
0.65509592	4.06099E-06
0.687850716	4.06903E-06
0.720605512	4.04598E-06
0.753360308	4.01458E-06
0.786115104	4.03069E-06
0.8188699	4.00512E-06
0.851624696	4.00284E-06
0.884379492	3.9909E-06
0.917134288	3.9777E-06
0.949889084	3.98392E-06
0.98264388	3.98053E-06
1.015398676	3.96852E-06
1.048153472	3.96509E-06
1.080908268	3.9548E-06
1.113663064	3.95406E-06
1.14641786	3.96115E-06
1.179172656	3.9604E-06
1.211927452	3.95733E-06
1.244682248	3.96008E-06
1.277437044	3.96217E-06
1.31019184	3.9604E-06
1.342946636	3.95945E-06
1.375701432	3.95409E-06
1.408456228	3.95677E-06
1.441211024	3.95516E-06
1.47396582	3.95654E-06
1.506720616	3.95662E-06
1.539475412	3.95429E-06
1.572230208	3.95626E-06
1.604985004	3.95626E-06
1.6377398	3.95599E-06
1.670494596	3.95429E-06
1.703249392	3.94881E-06
1.736004188	3.95299E-06
1.768758984	3.94814E-06
1.80151378	3.95693E-06
1.834268576	3.94838E-06
1.867023372	3.95772E-06
1.899778168	3.96075E-06
1.932532964	3.95634E-06
1.96528776	3.94956E-06
1.998042556	3.94641E-06
2.030797352	3.94547E-06
2.063552148	3.94275E-06
2.096306944	3.94405E-06
2.12906174	3.93636E-06
2.161816536	3.93495E-06
2.194571332	3.93806E-06
2.227326128	3.93104E-06
2.260080924	3.92852E-06
2.29283572	3.92115E-06
2.325590516	3.92068E-06
2.358345312	3.91745E-06
2.391100108	3.92009E-06
2.423854904	3.91513E-06
2.4566097	3.91004E-06
2.489364496	3.90697E-06
2.522119292	3.90397E-06
2.554874088	3.90185E-06
2.587628884	3.90051E-06
2.62038368	3.89286E-06
2.653138476	3.90106E-06
2.685893272	3.88999E-06
2.718648068	3.87899E-06
2.751402864	3.87663E-06
2.78415766	3.87265E-06
2.816912456	3.87324E-06
2.849667252	3.86926E-06
2.882422048	3.86469E-06
2.915176844	3.86044E-06
2.94793164	3.86095E-06
2.980686436	3.85366E-06
3.013441232	3.84877E-06
3.046196028	3.85157E-06
3.078950824	3.85614E-06
3.11170562	3.8457E-06
3.144460416	3.84018E-06
3.177215212	3.8353E-06
3.209970008	3.83144E-06
3.242724804	3.82604E-06
3.2754796	3.82899E-06
3.308234396	3.82415E-06
3.340989192	3.81894E-06
3.373743988	3.81701E-06
3.406498784	3.81366E-06
3.43925358	3.80815E-06
3.472008376	3.80129E-06
3.504763172	3.80559E-06
3.537517968	3.80488E-06
3.570272764	3.79972E-06
3.60302756	3.7942E-06
3.635782356	3.78518E-06
3.668537152	3.78482E-06
3.701291948	3.77986E-06
3.734046744	3.77667E-06
3.76680154	3.77182E-06
3.799556336	3.77675E-06
3.832311132	3.76977E-06
3.865065928	3.76512E-06
3.897820724	3.76027E-06
3.93057552	3.76158E-06
3.963330316	3.75669E-06
3.996085112	3.75267E-06
4.028839908	3.74708E-06
4.061594704	3.74763E-06
4.0943495	3.74463E-06
4.127104296	3.73569E-06
4.159859092	3.73569E-06
4.192613888	3.73261E-06
4.225368684	3.72962E-06
4.25812348	3.72383E-06
4.290878276	3.71697E-06
4.323633072	3.71406E-06
4.356387868	3.71213E-06
4.389142664	3.70964E-06
4.42189746	3.70783E-06
4.454652256	3.70582E-06
4.487407052	3.70783E-06
4.520161848	3.70574E-06
4.552916644	3.70354E-06
4.58567144	3.69696E-06
4.618426236	3.69566E-06
4.651181032	3.69187E-06
4.683935828	3.69164E-06
4.716690624	3.69164E-06
4.74944542	3.6873E-06
4.782200216	3.686E-06
4.814955012	3.6784E-06
4.847709808	3.67777E-06
4.880464604	3.66792E-06
4.9132194	3.67702E-06
4.945974196	3.66792E-06
4.978728992	3.65677E-06
5.011483788	3.66039E-06
5.044238584	3.66189E-06
5.07699338	3.65436E-06
5.109748176	3.65243E-06
5.142502972	3.64435E-06
5.175257768	3.64325E-06
5.208012564	3.63139E-06
5.24076736	3.63738E-06
5.273522156	3.63305E-06
5.306276952	3.63821E-06
5.339031748	3.62375E-06
5.371786544	3.61661E-06
5.40454134	3.62686E-06
5.437296136	3.62847E-06
5.470050932	3.62055E-06
5.502805728	3.61393E-06
5.535560524	3.61535E-06
5.56831532	3.61177E-06
5.601070116	3.6057E-06
5.633824912	3.59857E-06
5.666579708	3.60207E-06
5.699334504	3.5966E-06
5.7320893	3.58927E-06
5.764844096	3.59108E-06
5.797598892	3.5888E-06
5.830353688	3.58048E-06
5.863108484	3.57985E-06
5.89586328	3.5843E-06
5.928618076	3.57347E-06
5.961372872	3.57347E-06
5.994127668	3.57024E-06
6.026882464	3.56082E-06
6.05963726	3.55318E-06
6.092392056	3.55424E-06
6.125146852	3.54959E-06
6.157901648	3.54959E-06
6.190656444	3.54719E-06
6.22341124	3.54585E-06
6.256166036	3.54939E-06
6.288920832	3.53809E-06
6.321675628	3.5386E-06
6.354430424	3.53663E-06
6.38718522	3.53596E-06
6.419940016	3.52717E-06
6.452694812	3.52449E-06
6.485449608	3.52867E-06
6.518204404	3.52374E-06
6.5509592	3.52102E-06
6.583713996	3.50995E-06
6.616468792	3.50952E-06
6.649223588	3.50396E-06
6.681978384	3.50105E-06
6.71473318	3.49821E-06
6.747487976	3.49403E-06
6.780242772	3.49155E-06
6.812997568	3.4886E-06
6.845752364	3.48978E-06
6.87850716	3.4789E-06
6.911261956	3.47831E-06
6.944016752	3.47725E-06
6.976771548	3.47035E-06
7.009526344	3.46976E-06
7.04228114	3.46389E-06
7.075035936	3.46153E-06
7.107790732	3.46515E-06
7.140545528	3.45774E-06
7.173300324	3.45554E-06
7.20605512	3.45637E-06
7.238809916	3.45731E-06
7.271564712	3.45392E-06
7.304319508	3.44064E-06
7.337074304	3.44017E-06
7.3698291	3.43651E-06
7.402583896	3.43686E-06
7.435338692	3.43639E-06
7.468093488	3.43142E-06
7.500848284	3.42807E-06
7.53360308	3.42575E-06
7.566357876	3.42681E-06
7.599112672	3.4103E-06
7.631867468	3.41109E-06
7.664622264	3.41109E-06
7.69737706	3.40621E-06
7.730131856	3.40593E-06
7.762886652	3.40002E-06
7.795641448	3.39896E-06
7.828396244	3.39679E-06
7.86115104	3.38974E-06
7.893905836	3.38607E-06
7.926660632	3.38087E-06
7.959415428	3.38339E-06
7.992170224	3.36968E-06
8.02492502	3.37725E-06
8.057679816	3.37173E-06
8.090434612	3.36787E-06
8.123189408	3.36661E-06
8.155944204	3.35904E-06
8.188699	3.35262E-06
8.221453796	3.34955E-06
8.254208592	3.34021E-06
8.286963388	3.3436E-06
8.319718184	3.34084E-06
8.35247298	3.32988E-06
8.385227776	3.32535E-06
8.417982572	3.32807E-06
8.450737368	3.32279E-06
8.483492164	3.32133E-06
8.51624696	3.31696E-06
8.549001756	3.31369E-06
8.581756552	3.3114E-06
8.614511348	3.30207E-06
8.647266144	3.3075E-06
8.68002094	3.3038E-06
8.712775736	3.2943E-06
8.745530532	3.29474E-06
8.778285328	3.29702E-06
8.811040124	3.29257E-06
8.84379492	3.28768E-06
8.876549716	3.28847E-06
8.909304512	3.27988E-06
8.942059308	3.27618E-06
8.974814104	3.27578E-06
9.0075689	3.2735E-06
9.040323696	3.26558E-06
9.073078492	3.2668E-06
9.105833288	3.25853E-06
9.138588084	3.25809E-06
9.17134288	3.2486E-06
9.204097676	3.25136E-06
9.236852472	3.24485E-06
9.269607268	3.23686E-06
9.302362064	3.23548E-06
9.33511686	3.23697E-06
9.367871656	3.23142E-06
9.400626452	3.2218E-06
9.433381248	3.22106E-06
9.466136044	3.2183E-06
9.49889084	3.2155E-06
9.531645636	3.2092E-06
9.564400432	3.2105E-06
9.597155228	3.21002E-06
9.629910024	3.20124E-06
9.66266482	3.20183E-06
9.695419616	3.19797E-06
9.728174412	3.19824E-06
9.760929208	3.18733E-06
9.793684004	3.18906E-06
9.8264388	3.17696E-06
9.859193596	3.17543E-06
9.891948392	3.17456E-06
9.924703188	3.16916E-06
9.957457984	3.16688E-06
9.99021278	3.1627E-06
10.02296758	3.15699E-06
10.05572237	3.15403E-06
10.08847717	3.15281E-06
10.12123196	3.14773E-06
10.154142	3.14682E-06
10.18689679	3.14426E-06
10.21965159	3.14355E-06
10.25240638	3.13051E-06
10.28516118	3.1298E-06
10.31791598	3.12893E-06
10.35067077	3.12795E-06
10.38342557	3.122E-06
10.41618036	3.11278E-06
10.44893516	3.11266E-06
10.48168996	3.11006E-06
10.51444475	3.10474E-06
10.54719955	3.09682E-06
10.57995434	3.09513E-06
10.61270914	3.09379E-06
10.64546394	3.09308E-06
10.67821873	3.08382E-06
10.71097353	3.08464E-06
10.74372832	3.08189E-06
10.77648312	3.06916E-06
10.80923792	3.07109E-06
10.84199271	3.07767E-06
10.87474751	3.06683E-06
10.9075023	3.06219E-06
10.9402571	3.05931E-06
10.9730119	3.04902E-06
11.00576669	3.04674E-06
11.03852149	3.04449E-06
11.07127628	3.03977E-06
11.10403108	3.04095E-06
11.13678588	3.03563E-06
11.16954067	3.03015E-06
11.20229547	3.02274E-06
11.23505026	3.019E-06
11.26780506	3.01869E-06
11.30055986	3.01526E-06
11.33331465	3.00564E-06
11.36606945	3.00383E-06
11.39882424	2.99831E-06
11.43157904	2.9954E-06
11.46433384	2.99016E-06
11.49708863	2.982E-06
11.52984343	2.97948E-06
11.56259822	2.97861E-06
11.59535302	2.97475E-06
11.62810782	2.97578E-06
11.66086261	2.97558E-06
11.69361741	2.97164E-06
11.7263722	2.96908E-06
11.759127	2.95761E-06
11.7918818	2.95399E-06
11.82463659	2.94977E-06
11.85739139	2.95383E-06
11.89014618	2.94441E-06
11.92290098	2.93322E-06
11.95565578	2.93511E-06
11.98841057	2.93476E-06
12.02116537	2.93736E-06
12.05392016	2.93448E-06
12.08667496	2.92136E-06
12.11942976	2.91789E-06
12.15218455	2.91518E-06
12.18493935	2.90954E-06
12.21769414	2.90548E-06
12.25044894	2.90536E-06
12.28320374	2.90205E-06
12.31595853	2.89465E-06
12.34871333	2.8872E-06
12.38146812	2.88346E-06
12.41422292	2.87908E-06
12.44697772	2.87321E-06
12.47973251	2.87183E-06
12.51248731	2.86703E-06
12.5452421	2.86734E-06
12.5779969	2.86261E-06
12.6107517	2.85268E-06
12.64350649	2.84571E-06
12.67626129	2.83944E-06
12.70901608	2.83326E-06
12.74177088	2.83215E-06
12.77452568	2.8333E-06
12.80728047	2.82743E-06
12.84003527	2.82274E-06
12.87279006	2.82167E-06
12.90554486	2.82029E-06
12.93829966	2.81785E-06
12.97105445	2.81478E-06
13.00380925	2.81107E-06
13.03656404	2.80079E-06
13.06931884	2.79945E-06
13.10207364	2.79114E-06
13.13482843	2.7855E-06
13.16758323	2.77719E-06
13.20033802	2.78066E-06
13.23309282	2.7814E-06
13.26584762	2.77439E-06
13.29860241	2.77041E-06
13.33135721	2.77297E-06
13.364112	2.76726E-06
13.3968668	2.766E-06
13.4296216	2.75367E-06
13.46237639	2.74665E-06
13.49513119	2.75134E-06
13.52788598	2.7513E-06
13.56064078	2.74212E-06
13.59339558	2.73936E-06
13.62615037	2.73456E-06
13.65890517	2.73432E-06
13.69165996	2.72746E-06
13.72441476	2.72955E-06
13.75716956	2.72451E-06
13.78992435	2.71194E-06
13.82267915	2.71214E-06
13.85543394	2.71359E-06
13.88818874	2.71214E-06
13.92094354	2.70528E-06
13.95369833	2.70843E-06
13.98645313	2.69901E-06
14.01920792	2.69681E-06
14.05196272	2.69141E-06
14.08471752	2.69043E-06
14.11747231	2.68451E-06
14.15022711	2.68184E-06
14.1829819	2.67876E-06
14.2157367	2.67411E-06
14.2484915	2.66982E-06
14.28124629	2.66978E-06
14.31400109	2.66938E-06
14.34675588	2.65599E-06
14.37951068	2.65681E-06
14.41226548	2.65615E-06
14.44502027	2.6502E-06
14.47777507	2.64692E-06
14.51052986	2.64098E-06
14.54328466	2.64105E-06
14.57603946	2.63987E-06
14.60879425	2.634E-06
14.64154905	2.634E-06
14.67430384	2.62876E-06
14.70705864	2.62234E-06
14.73981344	2.61398E-06
14.77256823	2.61844E-06
14.80532303	2.61324E-06
14.83807782	2.60354E-06
14.87083262	2.61071E-06
14.90358742	2.60315E-06
14.93634221	2.59617E-06
14.96909701	2.59472E-06
15.0018518	2.59353E-06
15.0346066	2.58979E-06
15.0673614	2.58526E-06
15.10011619	2.58069E-06
15.13287099	2.57758E-06
15.16562578	2.57675E-06
15.19838058	2.56702E-06
15.23113538	2.57013E-06
15.26389017	2.56855E-06
15.29664497	2.55776E-06
15.32939976	2.56154E-06
15.36215456	2.55598E-06
15.39490936	2.55185E-06
15.42766415	2.55366E-06
15.46041895	2.54491E-06
15.49317374	2.54263E-06
15.52592854	2.53754E-06
15.55868334	2.53431E-06
15.59143813	2.53278E-06
15.62419293	2.52371E-06
15.65694772	2.52115E-06
15.68970252	2.51981E-06
15.72245732	2.51871E-06
15.75521211	2.51709E-06
15.78796691	2.50973E-06
15.8207217	2.51205E-06
15.8534765	2.50456E-06
15.8862313	2.50102E-06
15.91898609	2.49511E-06
15.95174089	2.49653E-06
15.98449568	2.49349E-06
16.01725048	2.48573E-06
16.05000528	2.47249E-06
16.08276007	2.47647E-06
16.11551487	2.47517E-06
16.14826966	2.46879E-06
16.18102446	2.46493E-06
16.21377926	2.4682E-06
16.24653405	2.4624E-06
16.27928885	2.45744E-06
16.31204364	2.45307E-06
16.34479844	2.45299E-06
16.37755324	2.44649E-06
16.41030803	2.44731E-06
16.44306283	2.44054E-06
16.47581762	2.44105E-06
16.50857242	2.43467E-06
16.54132722	2.43163E-06
16.57408201	2.43352E-06
16.60683681	2.42324E-06
16.6395916	2.42056E-06
16.6723464	2.41796E-06
16.7051012	2.41697E-06
16.73785599	2.40779E-06
16.77061079	2.40685E-06
16.80336558	2.40476E-06
16.83612038	2.40165E-06
16.86887518	2.39739E-06
16.90162997	2.39424E-06
16.93438477	2.39018E-06
16.96713956	2.39176E-06
16.99989436	2.38384E-06
17.03264916	2.37674E-06
17.06540395	2.37402E-06
17.09815875	2.37324E-06
17.13091354	2.37812E-06
17.16366834	2.37202E-06
17.19642314	2.36658E-06
17.22917793	2.36414E-06
17.26193273	2.35937E-06
17.29468752	2.36023E-06
17.32744232	2.35661E-06
17.36019712	2.35125E-06
17.39295191	2.34455E-06
17.42570671	2.34278E-06
17.4584615	2.33119E-06
17.4912163	2.33328E-06
17.5239711	2.33253E-06
17.55672589	2.33328E-06
17.58948069	2.32796E-06
17.62223548	2.32623E-06
17.65499028	2.32272E-06
17.68774508	2.31567E-06
17.72049987	2.31398E-06
17.75325467	2.30921E-06
17.78600946	2.30527E-06
17.81876426	2.29888E-06
17.85151906	2.29447E-06
17.88427385	2.29877E-06
17.91702865	2.29648E-06
17.94978344	2.29648E-06
17.98253824	2.291E-06
18.01529304	2.28675E-06
18.04804783	2.27942E-06
18.08080263	2.27351E-06
18.11355742	2.27363E-06
18.14631222	2.26862E-06
18.17906702	2.26748E-06
18.21182181	2.26394E-06
18.24457661	2.2596E-06
18.2773314	2.25617E-06
18.3100862	2.2546E-06
18.342841	2.25322E-06
18.37559579	2.25129E-06
18.40835059	2.25054E-06
18.44110538	2.24877E-06
18.47386018	2.24029E-06
18.50661498	2.23746E-06
18.53936977	2.23328E-06
18.57212457	2.23222E-06
18.60487936	2.22895E-06
18.63763416	2.22686E-06
18.67038896	2.2198E-06
18.70314375	2.21571E-06
18.73589855	2.20968E-06
18.76865334	2.21153E-06
18.80140814	2.20798E-06
18.83416294	2.20968E-06
18.86691773	2.2059E-06
18.89967253	2.20479E-06
18.93242732	2.1962E-06
18.96518212	2.1964E-06
18.99793692	2.18813E-06
19.03069171	2.18726E-06
19.06344651	2.18091E-06
19.0962013	2.17591E-06
19.1289561	2.17122E-06
19.1617109	2.17591E-06
19.19446569	2.17126E-06
19.22722049	2.17162E-06
19.25997528	2.16768E-06
19.29273008	2.1635E-06
19.32548488	2.15735E-06
19.35823967	2.15645E-06
19.39099447	2.1557E-06
19.42374926	2.15164E-06
19.45650406	2.1501E-06
19.48925886	2.14037E-06
19.52201365	2.14033E-06
19.55476845	2.13986E-06
19.58752324	2.13257E-06
19.62027804	2.13241E-06
19.65303284	2.12615E-06
19.68578763	2.12654E-06
19.71854243	2.12579E-06
19.75129722	2.12106E-06
19.78405202	2.11476E-06
19.81680682	2.11291E-06
19.84956161	2.10806E-06
19.88231641	2.10302E-06
19.9150712	2.10152E-06
19.947826	2.09451E-06
19.9805808	2.09289E-06
20.01333559	2.0895E-06
20.04609039	2.08599E-06
20.07884518	2.08446E-06
20.11159998	2.08631E-06
20.14435478	2.07764E-06
20.17710957	2.07303E-06
20.20986437	2.06956E-06
20.24261916	2.06988E-06
20.27537396	2.06815E-06
20.30812876	2.06015E-06
20.34088355	2.05944E-06
20.37363835	2.05376E-06
20.40639314	2.05061E-06
20.43914794	2.04474E-06
20.47190274	2.04679E-06
20.50465753	2.04959E-06
20.53741233	2.03509E-06
20.57016712	2.03387E-06
20.60292192	2.03426E-06
20.63567672	2.02662E-06
20.66843151	2.02063E-06
20.70118631	2.01972E-06
20.7339411	2.01897E-06
20.7666959	2.01704E-06
20.7994507	2.01487E-06
20.83220549	2.00573E-06
20.86496029	2.00349E-06
20.89771508	2.00731E-06
20.93046988	1.9984E-06
20.96322468	1.99537E-06
20.99597947	1.9869E-06
21.02873427	1.98871E-06
21.06148906	1.99009E-06
21.09424386	1.98284E-06
21.12699866	1.98276E-06
21.15975345	1.97847E-06
21.19250825	1.9707E-06
21.22526304	1.96574E-06
21.25801784	1.96531E-06
21.29077264	1.96534E-06
21.32352743	1.9588E-06
21.35628223	1.9536E-06
21.38903702	1.95057E-06
21.42179182	1.94742E-06
21.45454662	1.9471E-06
21.48730141	1.94399E-06
21.52005621	1.93859E-06
21.552811	1.93552E-06
21.5855658	1.93323E-06
21.6183206	1.93043E-06
21.65107539	1.92484E-06
21.68383019	1.9179E-06
21.71658498	1.91416E-06
21.74933978	1.91278E-06
21.78209458	1.91144E-06
21.81484937	1.9047E-06
21.84760417	1.89891E-06
21.88035896	1.90013E-06
21.91311376	1.89702E-06
21.94586856	1.89017E-06
21.97862335	1.8867E-06
22.01137815	1.88031E-06
22.04413294	1.87929E-06
22.07688774	1.87929E-06
22.10964254	1.87413E-06
22.14239733	1.87255E-06
22.17515213	1.8692E-06
22.20790692	1.86684E-06
22.24066172	1.86113E-06
22.27341652	1.85687E-06
22.30617131	1.85746E-06
22.33892611	1.84753E-06
22.3716809	1.84576E-06
22.4044357	1.84607E-06
22.4371905	1.84044E-06
22.46994529	1.83847E-06
22.50270009	1.83382E-06
22.53545488	1.83256E-06
22.56820968	1.82736E-06
22.60096448	1.82748E-06
22.63371927	1.8231E-06
22.66647407	1.81936E-06
22.69922886	1.81597E-06
22.73198366	1.81274E-06
22.76473846	1.8086E-06
22.79749325	1.80462E-06
22.83024805	1.8034E-06
22.86300284	1.79871E-06
22.89575764	1.79702E-06
22.92851244	1.79749E-06
22.96126723	1.79316E-06
22.99402203	1.78752E-06
23.02677682	1.78268E-06
23.05953162	1.77972E-06
23.09228642	1.77641E-06
23.12504121	1.77223E-06
23.15779601	1.76786E-06
23.1905508	1.76617E-06
23.2233056	1.75781E-06
23.2560604	1.75651E-06
23.28881519	1.75336E-06
23.32156999	1.74828E-06
23.35432478	1.7441E-06
23.38707958	1.74347E-06
23.41983438	1.74166E-06
23.45258917	1.73815E-06
23.48534397	1.73334E-06
23.51809876	1.73055E-06
23.55085356	1.72621E-06
23.58360836	1.72078E-06
23.61636315	1.71758E-06
23.64911795	1.71837E-06
23.68187274	1.71455E-06
23.71462754	1.71624E-06
23.74738234	1.71195E-06
23.78013713	1.70698E-06
23.81289193	1.69879E-06
23.84564672	1.69702E-06
23.87840152	1.69398E-06
23.91115632	1.69071E-06
23.94391111	1.68847E-06
23.97666591	1.68523E-06
24.0094207	1.68547E-06
24.0421755	1.67999E-06
24.0749303	1.67873E-06
24.10768509	1.67428E-06
24.14043989	1.6675E-06
24.17319468	1.66892E-06
24.20594948	1.66297E-06
24.23870428	1.65623E-06
24.27145907	1.65584E-06
24.30421387	1.65158E-06
24.33696866	1.64433E-06
24.36972346	1.64063E-06
24.40247826	1.63756E-06
24.43523305	1.63756E-06
24.46798785	1.63208E-06
24.50074264	1.63098E-06
24.53349744	1.62723E-06
24.56625224	1.62341E-06
24.59900703	1.62069E-06
24.63176183	1.62081E-06
24.66451662	1.61703E-06
24.69727142	1.61013E-06
24.73002622	1.60805E-06
24.76278101	1.60686E-06
24.79553581	1.60186E-06
24.8282906	1.59414E-06
24.8610454	1.59138E-06
24.8938002	1.59118E-06
24.92655499	1.58972E-06
24.95930979	1.5844E-06
24.99206458	1.58263E-06
25.02481938	1.57605E-06
25.05757418	1.57077E-06
25.09032897	1.56545E-06
25.12308377	1.56321E-06
25.15583856	1.56155E-06
25.18859336	1.55785E-06
25.22134816	1.55584E-06
25.25410295	1.55513E-06
25.28685775	1.54599E-06
25.31961254	1.54256E-06
25.35236734	1.5437E-06
25.38512214	1.53909E-06
25.41787693	1.53732E-06
25.45063173	1.53027E-06
25.48338652	1.53318E-06
25.51614132	1.53027E-06
25.54889612	1.52455E-06
25.58165091	1.5173E-06
25.61440571	1.51549E-06
25.6471605	1.51194E-06
25.6799153	1.50788E-06
25.7126701	1.50792E-06
25.74542489	1.50426E-06
25.77817969	1.50186E-06
25.81093448	1.49358E-06
25.84368928	1.49134E-06
25.87644408	1.49043E-06
25.90919887	1.48885E-06
25.94195367	1.48487E-06
25.97470846	1.47723E-06
26.00746326	1.47297E-06
26.04021806	1.47207E-06
26.07297285	1.47053E-06
26.10572765	1.4595E-06
26.13848244	1.46064E-06
26.17123724	1.46001E-06
26.20399204	1.46104E-06
26.23674683	1.45576E-06
26.26950163	1.44784E-06
26.30225642	1.4446E-06
26.33501122	1.4396E-06
26.36776602	1.43231E-06
26.40052081	1.42967E-06
26.43327561	1.43026E-06
26.4660304	1.42703E-06
26.4987852	1.4249E-06
26.53154	1.4199E-06
26.56429479	1.41395E-06
26.59704959	1.41391E-06
26.62980438	1.41032E-06
26.66255918	1.41017E-06
26.69531398	1.40189E-06
26.72806877	1.39949E-06
26.76082357	1.39642E-06
26.79357836	1.39188E-06
26.82633316	1.38956E-06
26.85908796	1.38495E-06
26.89184275	1.38148E-06
26.92459755	1.38081E-06
26.95735234	1.37845E-06
26.99010714	1.37096E-06
27.02286194	1.37013E-06
27.05561673	1.36635E-06
27.08837153	1.36249E-06
27.12112632	1.36013E-06
27.15388112	1.35394E-06
27.18663592	1.35327E-06
27.21939071	1.35268E-06
27.25214551	1.34279E-06
27.2849003	1.34511E-06
27.3176551	1.33763E-06
27.3504099	1.33747E-06
27.38316469	1.33176E-06
27.41591949	1.33247E-06
27.44867428	1.32301E-06
27.48142908	1.32128E-06
27.51418388	1.32128E-06
27.54693867	1.31537E-06
27.57969347	1.31316E-06
27.61244826	1.30981E-06
27.64520306	1.30945E-06
27.67795786	1.30607E-06
27.71071265	1.29775E-06
27.74346745	1.29767E-06
27.77622224	1.29196E-06
27.80897704	1.28936E-06
27.84173184	1.2844E-06
27.87448663	1.28357E-06
27.90724143	1.28373E-06
27.93999622	1.28077E-06
27.97275102	1.27553E-06
28.00550582	1.27143E-06
28.03826061	1.26733E-06
28.07101541	1.2656E-06
28.1037702	1.25997E-06
28.136525	1.25815E-06
28.1692798	1.25319E-06
28.20203459	1.25319E-06
28.23478939	1.24818E-06
28.26754418	1.24243E-06
28.30029898	1.23987E-06
28.33305378	1.23554E-06
28.36580857	1.23187E-06
28.39856337	1.23116E-06
28.43131816	1.22738E-06
28.46407296	1.2284E-06
28.49682776	1.22305E-06
28.52958255	1.21485E-06
28.56233735	1.21851E-06
28.59509214	1.21442E-06
28.62784694	1.20614E-06
28.66060174	1.20445E-06
28.69335653	1.20299E-06
28.72611133	1.2E-06
28.75886612	1.19814E-06
28.79162092	1.18691E-06
28.82437572	1.18963E-06
28.85713051	1.18691E-06
28.88988531	1.17805E-06
28.9226401	1.17702E-06
28.9553949	1.17498E-06
28.9881497	1.17324E-06
29.02090449	1.1665E-06
29.05365929	1.16544E-06
29.08641408	1.16505E-06
29.11916888	1.15657E-06
29.15192368	1.1565E-06
29.18467847	1.1563E-06
29.21743327	1.14901E-06
29.25018806	1.14397E-06
29.28294286	1.14117E-06
29.31569766	1.13652E-06
29.34845245	1.13289E-06
29.38120725	1.13136E-06
29.41396204	1.13285E-06
29.44671684	1.12233E-06
29.47947164	1.12253E-06
29.51222643	1.12092E-06
29.54498123	1.11441E-06
29.57773602	1.1152E-06
29.61049082	1.11087E-06
29.64324562	1.10744E-06
29.67600041	1.1033E-06
29.70875521	1.10082E-06
29.74151	1.09408E-06
29.7742648	1.0955E-06
29.8070196	1.08616E-06
29.83977439	1.08533E-06
29.87252919	1.0836E-06
29.90528398	1.08258E-06
29.93803878	1.07541E-06
29.97079358	1.07245E-06
30.00354837	1.07048E-06
30.03630317	1.06851E-06
30.06905796	1.05996E-06
30.10181276	1.05901E-06
30.13456756	1.05626E-06
30.16732235	1.05224E-06
30.20007715	1.04983E-06
30.23283194	1.04723E-06
30.26558674	1.04156E-06
30.29834154	1.04447E-06
30.33109633	1.03655E-06
30.36385113	1.03128E-06
30.39660592	1.03321E-06
30.42936072	1.02765E-06
30.46227075	1.02572E-06
30.49502555	1.01906E-06
30.52778034	1.01823E-06
30.56053514	1.01386E-06
30.59328994	1.01205E-06
30.62604473	1.01102E-06
30.65879953	1.00389E-06
30.69155432	1.00476E-06
30.72430912	9.97901E-07
30.75706392	9.94119E-07
30.78981871	9.97901E-07
30.82257351	9.90139E-07
30.8553283	9.88051E-07
30.8880831	9.83165E-07
30.9208379	9.81549E-07
30.95359269	9.71738E-07
30.98634749	9.74063E-07
31.01910228	9.6634E-07
31.05185708	9.6634E-07
31.08461188	9.60272E-07
31.11736667	9.5842E-07
31.15012147	9.54086E-07
31.18287626	9.4987E-07
31.21563106	9.50776E-07
31.24838586	9.42384E-07
31.28114065	9.41832E-07
31.31389545	9.41517E-07
31.34665024	9.35922E-07
31.37940504	9.35922E-07
31.41215984	9.30051E-07
31.44491463	9.2682E-07
31.47766943	9.21855E-07
31.51042422	9.17836E-07
31.54317902	9.22761E-07
31.57593382	9.1228E-07
31.60868861	9.11807E-07
