/*--------------------------------*- C++ -*----------------------------------*\
| =========                 |                                                 |
| \\      /  F ield         | OpenFOAM: The Open Source CFD Toolbox           |
|  \\    /   O peration     | Version:  dev                                   |
|   \\  /    A nd           | Web:      www.OpenFOAM.org                      |
|    \\/     M anipulation  |                                                 |
\*---------------------------------------------------------------------------*/
FoamFile
{
    version     2.0;
    format      ascii;
    class       labelList;
    note        "nPoints:6338  nCells:6218  nFaces:21823  nInternalFaces:9267";
    location    "constant/polyMesh";
    object      neighbour;
}
// * * * * * * * * * * * * * * * * * * * * * * * * * * * * * * * * * * * * * //


9267
(
220
2278
5502
70
2073
3526
99
1003
1414
578
805
2567
596
2474
2500
145
2124
2899
69
515
4467
343
694
1620
134
2715
2739
1717
1872
1886
18
1105
4155
47
548
6106
438
620
5240
492
917
2163
610
2515
2535
230
837
5596
489
541
4551
276
926
3216
2370
4363
57
326
6217
379
1267
3848
72
135
1451
85
136
698
54
565
5602
68
3393
3524
240
537
1794
43
1445
5341
520
626
728
294
360
3358
74
281
4612
31
283
5487
302
4311
175
491
931
459
678
3058
42
1666
4237
119
1357
1573
498
660
2390
1033
1190
3253
377
446
5345
233
752
1072
48
519
1027
192
315
834
557
1648
1963
5542
471
816
906
172
1320
3141
106
503
1807
2275
3842
1822
2559
189
2855
3053
178
1217
4916
98
1233
3751
67
1328
1510
221
686
6095
2242
5405
60
2159
3612
198
361
1623
553
2912
206
3658
4370
359
478
3359
3623
5605
518
764
5285
134
242
4149
224
2281
4895
427
583
4677
959
1495
2104
666
1127
4711
1320
5270
2221
3331
2575
2555
2983
218
1806
3408
368
4390
187
984
3107
219
5480
984
1855
2970
194
2512
5466
672
1111
2270
158
1287
3870
363
1613
2844
116
2991
3982
174
1589
4737
147
161
5155
139
1406
4312
88
3507
3988
1129
1131
307
1175
2794
263
979
2676
1876
4144
599
663
4950
213
311
2331
536
2144
2890
258
3008
5307
273
1208
2884
346
1029
3107
284
1848
3795
469
1012
3966
347
3484
4192
1339
2881
3016
3810
183
1300
1464
261
404
4538
324
970
1555
130
2645
3576
286
718
1053
989
1057
1551
1353
4721
228
1769
2765
329
1373
4282
436
1831
2214
731
1277
1758
144
2288
3752
137
595
903
152
585
4704
314
365
584
120
2226
4756
2142
4168
452
766
1263
220
339
1976
1791
4871
371
3249
196
534
3191
301
2716
3151
274
2665
2705
477
1587
5858
473
2004
2902
563
689
5979
183
618
4440
345
613
3439
160
771
1687
2953
6184
151
1108
1564
1029
1609
2056
722
3374
3996
367
493
998
2369
4040
691
6072
141
468
3500
1783
2780
432
451
1692
2810
3922
237
2620
2847
1261
1461
4817
3585
5684
3526
5686
251
2733
3940
261
4443
546
605
712
728
899
1260
657
724
2458
3008
3515
735
1329
529
714
3341
523
1222
5028
293
4076
4102
162
374
645
163
375
646
2356
3313
305
890
2650
768
1877
422
1602
758
2920
759
2919
429
2372
5077
430
2373
5076
410
738
4327
249
699
2347
1091
2378
5095
279
1513
2775
278
316
979
282
290
864
807
4811
589
3919
4698
3518
312
1720
479
640
4879
692
1078
3615
695
5391
618
1250
2577
292
810
1875
197
1956
2302
559
2273
3339
6168
366
1608
2951
338
4032
5424
303
423
2662
1717
4777
860
1267
3605
2946
4625
266
1015
2033
214
461
3447
1610
5879
440
1810
2040
565
4579
398
453
3356
5621
6043
1274
2599
590
1148
401
456
3365
575
1325
2809
417
721
1139
315
770
1842
586
685
1600
898
2309
5371
260
505
1800
3942
4501
497
1208
5770
300
973
2285
247
2080
3770
399
969
4404
560
908
3413
216
651
3867
1240
2355
1147
1871
418
2654
3020
669
3974
407
996
4409
972
4859
488
5592
1036
1220
3530
700
2305
3554
741
953
1110
472
1286
241
288
2649
246
1416
3478
573
1044
3375
815
5332
671
2702
4416
1091
3858
828
1126
5980
496
4487
5446
264
4381
272
3097
4268
909
971
4465
842
1118
1450
2354
581
1920
3431
987
2030
2811
937
2276
1826
3833
4935
5018
582
1051
3401
251
531
3149
248
1656
2956
708
5785
1600
2961
2622
4372
1960
3263
255
437
917
5728
433
455
6122
1774
1906
3467
435
469
1065
1006
1944
613
703
5877
532
1122
5214
664
4845
312
561
5125
492
1756
683
367
1850
4123
804
3686
949
5348
270
3884
4237
1517
4583
428
2117
5809
282
499
5823
298
417
913
4511
4703
354
1294
2093
818
2792
982
3935
2588
3501
803
2460
3849
1142
2446
499
550
841
1261
3421
4028
879
4929
5112
750
4662
4941
775
815
1771
2738
425
3837
4063
385
748
1633
1703
3044
296
2051
948
2026
2493
2110
5233
570
655
1876
3594
3802
3556
3713
2442
5129
755
1683
3599
1994
3501
580
1467
3692
760
4095
641
1020
2185
498
4784
2214
3260
1463
5369
3480
4894
467
1919
3282
1181
4170
425
766
918
2068
4679
558
732
4012
1161
1622
4790
514
836
6003
450
730
3978
552
2814
4713
356
2409
1356
1236
4445
688
1984
3873
341
4333
5293
342
4334
5294
562
2137
5941
441
843
5628
389
2045
4148
466
1776
5042
1322
1485
701
3231
3770
938
1376
847
1225
1999
994
3134
4870
3861
4986
475
1377
1512
606
856
5627
472
3123
3544
607
859
5626
658
1335
3792
388
3180
3323
527
1280
4655
819
1132
5000
2203
5933
3511
5741
1381
1899
481
4984
386
5215
765
2039
963
1227
1514
1851
4212
3996
5673
1679
5278
771
1271
2047
614
849
4421
543
1553
2605
1156
3219
4658
364
781
1026
584
1440
3835
1694
2258
662
3036
5000
1769
2036
661
982
1910
656
876
2366
2405
5130
560
3723
1781
3413
1391
1528
2646
3712
4718
3874
4393
715
2089
1042
1332
4889
756
4575
1873
1935
2551
852
889
4392
790
1576
681
2383
4883
439
1462
4392
2583
4763
2584
4720
702
1191
4935
4260
4809
426
2834
4931
651
1647
461
693
2987
1093
2867
3034
645
2854
2865
646
2853
2864
578
1590
2635
1507
2896
742
2978
808
1357
2795
4702
5200
2249
5041
891
1465
1549
506
995
2273
471
568
4059
568
1299
1966
487
1035
2939
588
1193
2613
587
1194
2612
632
1341
2926
494
1213
3697
542
3338
3889
495
1216
539
783
1614
524
1919
1956
2032
4196
547
2983
3306
557
798
4200
3703
513
4090
4249
779
1829
2167
1820
3872
794
866
5476
777
877
2332
776
878
3912
853
1827
2924
531
1035
1174
546
2076
3689
749
1930
3122
1401
1785
882
1891
4624
633
2477
3637
1101
4726
682
3287
611
921
4127
5871
2346
4495
3508
4843
2078
5301
3764
4954
3765
4955
677
1011
3835
1782
3579
580
4773
522
5051
5464
1301
5390
1789
4842
521
3718
1422
2042
4840
4993
1095
2163
1543
5092
706
1318
1519
486
2208
5178
1076
4437
5269
553
1152
1287
950
1002
1092
1296
3315
679
2915
3399
544
838
1342
541
1163
945
1480
4976
5871
1431
4586
602
1037
2921
1195
3879
1438
4589
520
770
899
833
1284
3579
1876
2178
598
782
1749
512
1183
1837
2537
492
1606
1810
622
3662
3870
640
1370
4120
4343
4843
540
2536
762
3440
1481
719
2154
4523
4342
3936
1737
4052
616
1130
1830
1062
1374
558
1311
2037
2629
4192
833
3782
3320
5813
842
1593
6166
526
2580
780
910
3289
773
2859
3679
621
1220
3350
1008
1089
2742
2279
2891
3149
3880
887
1927
1232
1730
1045
1860
2434
549
2455
727
1979
628
2149
635
2150
2335
3398
1910
5538
2199
3494
548
615
1949
956
2776
4633
1709
1792
3513
2603
3627
868
1421
1426
1998
3681
1461
2894
574
886
1434
550
1516
1929
711
2125
5290
1096
1206
4952
736
3592
648
876
4362
4964
524
5427
1315
1962
647
2614
4198
786
3068
4345
1492
2141
630
4216
1374
1019
5449
1642
2426
1292
2528
2128
644
5234
5498
2773
3733
2191
6142
1241
1488
5069
1572
5316
1173
1369
3433
1957
745
1273
1310
1360
5153
757
1689
873
1278
2225
3509
3630
2404
3184
1254
1964
2624
1382
1437
1177
3071
2331
851
3815
1674
3138
881
1295
767
1529
3152
5284
2955
3922
2346
5084
5422
3406
1002
4670
4936
2610
3322
673
826
2348
6052
826
964
2192
832
2041
2086
1651
1716
3675
5740
2098
998
4822
4308
5548
1253
5057
624
3115
5492
4688
900
2420
3233
1052
1457
2721
3689
749
760
1406
737
3988
595
1764
5365
1060
3314
3634
1121
923
1315
755
4865
768
2826
4126
757
2280
3291
3194
981
1409
3429
1420
1256
4110
1135
1456
3796
4358
3845
4214
1650
3812
1556
5514
911
5515
4402
5331
908
2198
817
3951
6136
788
2488
5266
1230
1757
2090
693
1169
3918
710
3697
4909
619
1513
4183
1237
1565
2388
2581
812
2844
4276
623
2495
2569
737
2297
974
1700
1977
1047
1542
2201
1682
5908
1343
5182
1098
5181
2244
2428
3045
721
2330
2708
3703
4913
1718
3603
802
1100
4133
5470
1002
4834
2778
5416
2173
2400
938
1215
4982
1258
2209
3153
3623
5038
1351
3252
1441
3313
724
1259
744
2160
748
3968
6122
1062
5558
1050
3778
4251
2928
3898
732
824
1246
3552
6058
929
1838
3688
2073
2632
2770
2939
1010
2175
2301
2941
3925
1139
1344
6095
1012
3863
4252
1015
2445
6078
1087
1679
3738
3481
4994
1048
2690
4315
1056
1211
1410
1037
4455
2904
2848
2401
5245
1504
3496
815
937
1558
726
902
1774
1425
704
2917
705
1007
5207
961
2713
5415
2256
5409
1069
1504
905
4095
1802
4434
1361
1543
4784
4072
4113
778
4812
780
1408
1298
1462
2666
3768
789
800
1518
4021
5344
977
1634
2133
733
1963
2813
1466
2867
853
1638
3629
3905
4213
5981
5999
1144
6042
809
1978
4474
1074
1423
4037
1409
1511
1544
4098
5854
2850
5355
1424
1854
695
922
1217
838
5154
4097
5850
3400
3682
1997
2534
4448
2499
2961
1351
2368
914
1616
2415
877
1511
878
1571
1204
1909
3850
2108
1392
2807
1367
926
2295
911
840
2443
4435
1198
1628
4688
791
4337
980
4921
3424
5168
2267
4429
3292
4142
1725
6023
1209
4461
4540
5317
1478
1522
827
2228
4711
1586
5705
1027
2095
3396
796
4381
3613
5552
1641
3557
716
2398
6091
1686
1761
2975
4065
3290
5359
801
1968
5257
3101
5545
2204
2681
809
846
930
4377
2676
5797
2168
2752
3803
6194
1829
2001
2981
862
2070
756
1024
1863
1000
2544
5278
1352
1489
4066
5497
4922
2997
3333
745
3292
5357
2582
3445
2539
2700
2797
3654
3882
1325
4953
5471
918
1268
4084
811
2523
2589
3983
1018
1950
3794
885
1222
3348
884
1435
2487
1317
1941
3879
1535
887
2922
1021
1561
5978
796
2179
1134
2846
3200
1063
1575
3253
1331
2415
3448
1265
5507
1266
5506
4312
2091
2655
4428
2396
4232
947
1813
2576
3585
5769
886
2783
1362
4850
5239
2932
1220
1562
3136
822
5073
871
1130
5337
3512
5200
876
1367
1368
1235
1463
782
957
783
1836
2444
4000
2268
3701
966
895
3339
1253
3873
793
821
5578
1083
3113
4488
2306
4280
978
2158
5722
2818
3498
4320
5494
3830
5430
2717
2846
889
1082
3933
1486
3613
3287
5947
1140
1180
1857
2925
972
1632
1845
1119
5392
1395
1729
6004
894
2862
1304
4418
1244
1300
4902
5630
5797
5931
1369
4138
807
1545
3012
3371
2161
5949
1171
1187
5768
4376
5121
925
4892
943
1248
3010
1714
1912
2492
3455
4289
3581
4132
924
3809
1408
4683
1086
5281
5448
1250
5652
2005
2329
900
1031
2918
1596
4873
1109
3435
5330
3554
2902
4460
4738
5049
912
3511
4919
1080
1656
1701
1041
1427
4728
2530
3152
2431
1842
2083
1065
1617
1685
2302
4535
1354
5206
2250
1147
4035
5141
3986
6144
1470
1595
1640
5067
5208
1003
2068
3932
1252
3010
4510
1833
6151
1321
4949
1073
3122
3819
950
3620
1167
1926
4573
870
6070
2538
4993
2792
1066
2743
2962
1108
1498
5662
3120
4060
1150
2315
3949
905
1907
6194
3119
4052
2137
4644
1175
1322
1555
1681
2862
1338
2991
3561
5690
5959
1201
2843
5912
1107
2520
965
3802
4492
2513
4129
1364
2947
3801
3286
3722
4764
5389
1291
1936
4583
1849
2994
940
1314
2688
928
3189
3757
4830
4831
2809
3892
1329
3211
4627
1040
3375
2980
3658
1212
2126
2803
2876
3497
2080
5459
1962
1184
1293
1330
4886
3819
1509
3945
1726
2389
1443
2562
3873
1288
4879
5405
4296
5221
3170
4878
1239
2880
5914
1503
1588
4163
3671
5378
3891
4920
990
1505
5817
1893
5745
3519
1153
2833
3548
4942
1299
5657
1063
4516
5380
4503
1937
5436
975
5017
1474
5135
2458
4377
2720
5014
1124
1794
2425
1133
2757
3880
4657
1231
1075
2122
4819
1285
2746
3318
1202
1483
1821
2294
1088
3401
3823
3895
1228
5668
5116
985
1709
6113
1548
4074
1196
2627
1166
2237
998
1451
1203
1232
1655
1710
2151
4203
1059
1921
4824
1038
2897
5648
1427
1716
3568
1235
1152
1383
1431
3204
3768
4845
1221
1393
2034
1386
1438
3209
1251
2634
1490
3403
3792
1284
3567
1148
1477
1623
3521
4292
2904
3775
4536
1911
963
1415
1619
1186
3888
4544
2235
5374
1125
1672
1922
1359
4533
4689
4331
4490
1237
1243
1145
1298
2828
1126
5834
1016
3112
6164
1532
5370
967
2568
5769
2345
3743
4810
2201
5203
1224
1316
2017
5836
999
2207
5666
2605
3472
3532
5566
1609
6208
5847
4111
4113
2565
3705
3522
5180
1004
1158
2838
1087
2657
2698
5539
1965
3312
6085
2389
3952
1797
1790
2470
4512
1029
4510
6108
1499
2652
3295
1085
1643
1754
1877
4414
1167
4567
2549
5826
1511
3241
5259
1571
3242
5260
1013
5484
5933
4524
5412
1985
3675
2635
3502
1778
1867
3724
2414
3644
1087
5267
1140
4519
5970
4858
1901
2024
1178
3769
5146
3232
4924
1688
2807
5431
5614
1112
2693
3260
1205
3508
1402
1440
5016
1974
6035
1527
2686
3666
3591
1077
3388
1217
1536
5249
1282
2706
1399
5458
1904
2609
2532
4596
1456
2704
5008
1570
3837
4059
1363
5606
1512
2743
4145
1180
4519
3117
1300
2685
4036
1374
1512
1842
2450
3726
1079
2723
5242
1131
2312
1039
1357
5675
2477
1128
4255
5692
1484
4016
3979
4054
2031
5767
3366
4644
1751
2742
1058
2623
2922
3649
4803
5469
1416
3052
5211
1226
5343
3793
5545
1411
2237
5103
4605
5015
3668
2400
4158
2690
3968
1081
4307
5573
1996
2700
5511
2866
3953
3755
4725
1989
5210
5115
2960
4684
1738
2275
2384
5023
6093
1130
1185
2173
1146
2654
2913
1102
1223
4323
1351
1793
5178
1748
1897
1304
4326
4791
1245
1617
5295
2007
2183
2218
3933
2179
2183
1161
2775
1330
5213
1680
3576
3443
4518
1491
1972
4262
4730
1249
1995
4478
4696
3905
4795
1658
2286
5712
1550
2930
1887
5804
2099
5782
1332
1633
1691
1744
4385
1523
2659
4723
1702
1951
1419
3383
3453
1424
2737
3747
5580
2504
3070
4444
2004
3536
1807
2200
3108
4512
5932
3878
5927
4022
4690
1379
2286
4007
1148
5171
5632
3680
3757
1188
1392
2482
1117
5195
4281
5004
5810
1515
6024
1242
3202
2837
5556
1632
1805
5660
1405
2423
3377
1563
1678
5547
1480
1604
1692
1218
3611
3409
5504
1326
5377
1137
2808
5898
1295
4461
2255
4846
1154
4132
4961
1551
3755
4775
4776
4121
2907
4460
1971
4086
3057
4643
6037
3316
4337
2939
5493
1627
2699
1315
4467
1371
2317
4611
1708
3871
1375
2307
4610
2368
3210
1766
1799
5976
1620
3076
1396
1870
4082
1234
1851
1755
3464
1347
2072
2987
1440
2409
5636
2582
4704
1257
1536
5303
6209
3099
5485
4053
4750
1340
2182
2559
4011
4280
1534
2437
2738
1439
4344
1949
2275
2615
1202
2241
5050
1513
1229
1602
4910
1232
1732
1739
2740
5122
2128
2376
6012
3701
5218
4407
1765
3301
3909
2746
5929
1207
2755
3427
1199
6151
1868
2234
2731
2564
4801
2825
3125
2255
1659
2108
5934
2728
4417
2628
3865
1518
1706
5341
1719
1844
2410
1219
2187
5734
1296
1942
1289
5589
1969
2105
2634
3520
2201
5655
1800
5503
2022
2290
2419
2631
3057
1476
5794
1334
1752
3065
2254
3079
2253
3080
5060
5645
1210
4357
1454
1954
4138
1922
5602
2218
5667
1247
2531
3093
1303
4741
2550
1557
3236
3870
5704
1447
3796
2995
4855
3137
3590
1598
1295
2250
4164
4804
1400
1788
3542
4037
3049
4631
1508
2027
4268
3071
6206
3050
4632
1532
5463
4353
6152
1760
5508
5644
1644
5105
1408
4447
3601
4907
3303
4184
1629
6007
3603
4127
2891
5155
1569
3033
1873
3257
1446
1534
2912
5312
1491
1349
3586
3904
1779
2529
2617
1348
4757
1489
1889
5946
6068
2092
2139
1603
3470
1790
3276
1889
2355
2905
3407
1728
3148
2106
4406
1687
4126
2121
1675
4266
4406
6147
1811
1369
2012
1435
3212
5574
1648
1815
1655
1730
1486
2685
1415
3807
1960
3430
5845
1460
2896
3311
1795
3639
1840
2239
3506
1412
3185
1413
3186
4925
2239
2551
2074
2134
5590
2689
2727
3370
1858
3584
1538
3073
3927
1322
5586
1621
2449
1282
4219
4861
1740
1924
2300
1548
2633
1745
4758
1695
2261
2603
1914
4597
1358
1680
1970
4453
2207
3094
4654
1690
1498
2929
2662
4739
2462
1370
2683
1337
4717
1535
1817
1825
2825
5955
1584
1947
2498
3304
1704
4618
5620
1302
1611
5780
2259
3896
1347
1556
1673
3325
2284
2358
2021
1597
4130
5548
1804
2226
5274
2045
2180
5729
1537
2180
3504
1422
2958
3106
1545
2426
1585
1721
1472
3656
3954
1493
1735
5316
1668
6193
3522
5659
1464
4462
4374
6094
1683
1818
5445
5418
1725
1991
1345
1940
5058
1566
1742
5114
1683
1662
5818
1520
3626
5535
1635
4166
4884
1722
2594
3277
5873
1631
2049
4456
2040
2737
1496
5706
1605
2835
5685
2989
5822
1808
2078
4367
4766
3117
6181
1595
1900
1763
2643
2085
4479
1535
4600
1903
5078
1492
3038
3130
2852
2357
2387
1965
5855
1703
2002
5853
1546
3041
1657
2105
1387
2013
1660
2230
2964
5462
5837
1973
5738
3123
3456
1988
4663
2199
3737
1509
2363
1436
4708
2456
4682
1982
3428
4639
1715
3284
4010
1816
1677
2333
3412
1992
1581
4480
5485
2690
3784
2000
2639
2687
2115
2923
1736
1968
3379
3330
5575
2162
2216
5585
3442
4860
1836
3157
2777
4887
1394
3960
6157
1942
2630
3139
2779
4888
1407
1952
1489
1812
4321
1458
1781
2879
1459
1782
2878
3726
4509
1998
1506
2303
3156
6159
1915
2333
1553
5767
1400
3301
5479
1448
4049
5199
1530
1944
1787
1478
2832
2046
5597
1802
2155
5523
2036
2360
5246
3172
5192
1825
1892
2412
1723
1724
1787
1829
3701
1459
2583
1458
2584
1929
1961
6213
2670
1762
2546
5582
2688
2823
3225
1435
4327
1987
6153
3059
4130
2517
1502
3171
3258
2028
3746
1647
2784
2025
1615
1918
5310
2013
5512
5559
1442
3135
5663
3838
1468
2403
4146
1473
1556
2952
1841
2304
2579
5820
2768
3657
3844
3572
4781
2021
3993
4468
5682
3722
3815
2178
2256
5668
3921
5564
1980
2188
2626
2996
2620
4553
2102
3346
3475
5807
5396
1577
1859
4190
1615
2003
5174
1590
5782
1832
4424
4499
3624
1830
3491
2096
2097
3424
4310
4860
4762
1972
3276
2035
3155
1951
2064
4554
5699
3140
3845
2012
2712
3201
1516
2926
1730
4248
5107
2598
4588
1955
2253
1475
2519
1958
2254
1501
5018
4720
4875
3264
1554
1684
1762
1523
1685
5273
1898
2563
4997
1592
4574
1639
4456
2985
5432
5322
1646
3101
3798
3292
4935
3867
4383
1794
2601
1983
2287
2725
3340
1653
5980
1734
2191
1672
1798
2301
2148
5924
1649
1855
4273
1533
4889
1767
4823
3795
3806
3197
1896
3467
1598
1661
1531
4310
2120
2587
1795
2339
5261
3807
5258
1931
3630
5977
2084
2323
4472
1785
2082
2819
4263
1542
2497
5038
1646
3392
4507
2217
2495
3807
1961
2869
2899
1753
3170
4672
5930
1585
3815
2086
5881
2103
5582
1948
4128
2436
1884
2023
2698
1821
5925
5939
2544
4779
1693
1870
4723
2025
3299
3670
1945
2443
4133
5655
4673
3286
6066
3026
1578
1967
1664
2489
5787
3176
1912
4549
2380
4591
1696
1618
4472
5341
2976
1642
5167
1784
2949
4607
1769
2089
1861
2669
3430
1786
3002
5239
2206
3888
1591
2587
2525
4521
1583
2006
3007
3708
2680
1669
3715
6008
1643
2683
5658
2341
2740
3689
5843
3111
2158
5594
1773
3979
1733
1955
5243
2631
6001
2972
4710
2397
4765
1732
3687
1737
1958
5244
1803
2802
2966
2336
4712
1797
2353
2444
2020
3558
3915
5644
3338
2291
4363
3834
5994
1798
5007
2593
3368
3004
2965
3530
2146
5441
2547
4902
1673
1764
2925
5651
2514
2986
3372
4515
3541
2262
2598
3028
2077
1702
3042
3307
4256
2459
3831
4763
5095
1799
3648
1800
5408
1775
1954
4801
1624
2963
2970
4413
5792
1959
2466
1914
1995
2658
4713
5349
2562
3454
5934
4432
4575
2072
5176
5542
2164
2252
5554
3208
5608
2948
4819
2879
2432
4537
1917
3245
5116
1720
4522
5742
1654
4814
1672
5007
2796
4135
1938
2424
3283
4016
4730
2813
5634
3017
4806
5464
1728
2786
4768
1652
5333
6039
2359
3482
4305
5024
2362
3678
3639
4976
1988
2075
2391
5325
1726
4789
6000
3311
3746
3884
2932
3901
4008
4189
3378
5818
3420
4137
1682
4314
3316
4855
3791
2081
3108
4541
4833
5024
1918
3081
2467
4198
2034
2901
4458
5127
2594
3195
4865
2808
5071
2011
2067
5392
5071
5468
2111
3229
4275
3756
4035
3419
3880
1914
2054
5725
1895
5169
5384
1767
4896
5795
2408
4088
1701
4241
4283
1816
5533
3835
5952
3640
5334
2607
6180
3085
1852
2406
5628
2078
2511
5375
3615
4425
2804
3220
2352
2968
5426
5603
2878
3334
4057
3612
4108
3505
4721
2664
3246
2090
3698
6184
2371
2457
4241
1992
5521
1969
4541
2956
2190
5873
3198
3387
2000
5524
3215
4296
1846
4079
4183
2067
5878
3760
1801
2480
1923
1925
2029
1777
4857
5855
2082
3783
3826
2848
4351
4186
5776
5974
6128
5414
5609
3831
4878
3129
4509
5974
3195
3820
2695
3799
2696
3800
4498
3429
3282
3562
4055
3970
4045
5700
1905
2180
3114
3236
2060
5033
2155
5679
2059
5594
2552
2724
2344
3349
5231
1903
3222
1792
3066
1957
4042
6036
3369
5168
1772
2038
2992
3402
5827
4213
4412
1869
2008
3229
1937
2056
4572
3931
5261
1811
3761
1759
3206
3836
2024
2963
2757
3419
2709
3708
2047
4437
4656
4762
2016
4657
3147
3395
3575
6067
3154
4885
2013
2412
1808
3813
4003
2031
4057
2109
1788
4900
1887
5685
2910
2336
2611
4972
2287
2724
5064
2486
3055
2104
5010
3712
5428
5817
3091
3828
3190
4491
2827
5593
2881
3237
2679
4963
1869
2804
4494
5159
5158
2116
4176
4679
5613
3783
4322
5422
3111
4869
2438
4024
4201
4231
5441
5298
5839
5851
5733
2152
2873
4136
4190
4139
4366
1854
3305
4577
4067
6069
3735
5187
2997
3906
2571
2816
3231
2227
2281
3123
4851
2574
2283
2984
3041
2249
3327
1986
5406
2298
3378
5929
1895
5848
3003
3984
1916
2692
4641
2289
4217
2029
4674
4905
2274
3705
5443
2144
2313
3735
3090
3426
6096
3452
3655
1874
2661
2692
3144
1847
4017
5228
5238
2638
3679
2101
2580
4333
2451
4513
5328
2751
2597
5292
2136
2159
2087
2104
3085
3109
6204
2099
3828
2113
2589
4334
1953
5711
2571
4364
4120
5576
3948
4006
2407
4051
3752
4240
2023
2027
5995
2858
4259
2355
2392
5067
4029
1872
2296
2380
3153
2364
2459
2711
4318
2265
2353
5801
1863
2877
1881
3558
4421
5495
2015
3274
4873
1991
3633
5601
2419
2887
3785
4774
4247
6135
2471
2031
3565
5074
4273
5972
2062
3450
2570
3145
2309
1969
2173
2802
1920
2298
3958
2147
2441
3188
2006
5720
2227
3561
3724
3142
3353
5162
2936
3821
2006
3008
5145
5915
6158
4743
2204
4458
5296
3946
2166
2918
3859
2981
4545
2461
2731
4877
6180
1959
2003
2518
3319
3779
3862
2339
3549
3056
5546
3990
5421
2940
2942
2454
3572
1977
2802
6069
2785
4135
4550
3025
5838
3943
4514
3172
3589
2310
2469
2934
2462
4821
4593
2967
3354
5047
2084
2782
4503
2019
5533
2343
2397
3332
5575
2617
6012
2092
4557
5454
2075
2468
4607
2744
5094
2294
2472
2914
3767
2754
4614
2684
3178
3832
4141
2218
4745
3192
3509
2176
2762
5090
2377
3509
3817
2131
2190
4719
2338
6174
3524
4042
5772
3816
5494
2147
4442
5216
2845
4043
3980
6168
5693
2224
2689
4054
3196
3140
5932
2119
2156
5250
2710
3230
2385
3449
4933
2205
2288
2465
2644
5513
3344
4077
2099
5086
2536
2825
5087
2109
3030
2068
2851
4309
2729
5393
3739
2076
4329
2123
2616
3410
3642
5749
1976
3646
5229
3218
3959
5277
5719
2157
2747
3514
2771
5443
2237
4081
2833
4669
3032
4766
2268
3459
5218
2283
3761
4083
5633
3286
3722
5382
5845
2192
3554
3377
4452
2277
3714
4828
2379
2545
5664
4645
4717
2211
2408
3411
2650
2705
4597
3786
4975
2841
4613
3693
4177
4661
4708
2980
4532
5079
6182
5714
3744
5462
5537
4303
5698
3360
4675
2014
2330
3169
2193
2553
4297
2808
4200
2567
2086
5777
2972
5442
2052
2672
2049
3142
2337
3993
4691
4160
5802
2221
3763
5257
4627
5119
2586
3839
5883
2195
5006
4505
2064
2815
3791
2075
2095
2124
2453
3524
3897
4974
2251
2395
2765
2905
3338
2087
2824
2304
3745
2381
2495
2569
2159
2222
2148
5773
6033
2691
3535
3573
5035
2085
2960
4782
2543
2666
3116
2081
2121
2542
4957
3166
3833
2656
4924
2876
4118
2990
3403
3060
4117
5830
3990
4116
2340
2485
3834
2223
2718
2193
2952
2282
2334
3432
2781
3900
2616
2759
3687
4020
2183
4162
5574
2547
2933
3503
5846
2561
2652
5319
2424
4514
2435
2625
5840
2427
5779
4576
6026
5908
4294
5459
2463
3033
3147
2160
5836
3713
2743
2798
3591
3774
2375
2266
2347
4122
2276
5577
3268
5383
3885
2597
5156
2604
2686
5304
4775
2641
2820
2642
2821
2782
4681
2440
3118
4227
2695
3457
3352
4431
2478
4003
4764
3677
4088
2115
2710
3555
5174
4685
5026
6025
2436
2937
5677
2696
3465
2139
3189
3202
5023
3090
4189
2991
3418
2232
4039
4483
2916
3180
2586
3136
4232
5863
3213
3414
3923
2942
5870
3203
6034
2186
3887
4287
5074
2732
4559
4997
2248
4486
4719
2829
4438
2367
2382
3843
2697
3738
3266
4050
2900
3521
2284
2413
3366
2212
3754
5560
3431
2330
5814
5897
2288
2321
2432
5126
2261
2359
4738
3116
2508
2587
3809
2550
4231
2611
3318
4724
6185
4729
6186
2572
4806
4325
4890
2540
2867
3908
5183
6014
3822
3269
3864
3999
5702
3813
2200
3528
4871
4468
5629
3718
3710
5825
2494
5242
5415
3299
5523
4532
5483
2946
4807
2308
5231
5362
2316
5232
5363
2260
2850
3058
2418
2799
3305
2571
2668
2911
3102
4139
2682
2971
2269
2749
4134
5110
2910
2328
2422
5140
2361
5472
2479
2849
4078
2847
3373
4065
4770
2393
5473
2437
3806
2490
4785
5965
2465
5725
3128
2324
2489
3175
5649
5993
2496
4786
5966
2391
4690
5300
2319
5171
3226
3770
2553
2637
4321
4831
5294
5928
2357
2473
3266
4544
3062
5439
5851
2840
4028
2314
2767
4150
2971
4411
4493
4617
3574
3736
3964
3022
2414
3238
5772
2750
3682
2530
5258
2485
5400
5604
2386
3438
4300
4281
2413
2958
2486
5722
4075
5100
2729
5262
5045
3808
3744
6064
2483
2538
4478
2375
2401
2526
2889
4114
5788
6145
2566
2886
4783
3259
5081
2513
2903
2509
3190
5004
2703
4726
4846
4341
2427
2553
2852
5414
5635
2507
4879
2995
3220
5265
4099
4566
3479
3608
6063
2405
2452
2527
2442
2484
2874
3969
5121
5729
4530
2514
3407
2521
4816
4754
4755
3766
4892
2552
3341
5064
2836
5605
2388
2528
4441
5813
4121
4818
5563
2615
3349
5321
2557
5083
5089
2636
2721
3030
3061
2764
5919
2678
3973
4604
2291
5771
3042
3404
5170
2479
3907
5896
2591
5023
5558
2592
2406
4526
4227
6195
2663
5682
2730
4487
5425
2430
2959
6105
2627
2392
3493
4317
4671
5255
5278
2403
4884
2370
2505
3416
4211
2526
3951
5906
2519
3745
5783
2434
4797
2671
5411
6055
2481
4750
5386
2351
4140
2626
5419
3098
4247
4085
2385
4310
2327
5786
4481
5223
4091
5186
2932
4335
6047
2411
3379
4473
3887
5983
2666
5274
4046
4637
5543
6203
4096
5188
4400
5254
2440
3961
5297
3163
6078
2469
2619
3495
2473
3038
2433
3940
5929
2719
3780
3363
4365
2750
2983
5585
2739
3317
3501
2701
4262
3525
4920
3891
5291
3493
2448
2751
4157
3492
3673
2623
4397
2707
3410
5257
3262
3680
4246
5796
5824
3698
3801
2687
3192
6024
2661
4306
2472
2519
4816
5499
3254
6090
2385
4813
2641
3663
5159
2642
3664
5158
5298
5964
3477
4847
2467
2539
4049
3178
6209
2706
3027
4769
2578
2409
5366
4185
4803
4623
5807
2410
3257
2816
5623
2549
5624
5849
3549
4157
3005
5276
2708
3013
3184
2516
2908
3159
4094
4206
4093
4207
2421
2608
3450
4375
3565
4159
3394
4338
3540
6183
4698
5649
3721
2934
3065
3694
5189
2643
3964
2447
2602
3948
5583
3074
4788
5346
3014
5591
6162
2873
5208
3976
4245
2814
3018
5878
4529
5047
2558
2935
4015
2871
4700
3207
3399
3419
2966
5001
3556
3790
2806
2425
3013
4659
2886
4163
5581
2856
5588
5175
5234
3098
2843
4693
2579
2861
4099
5967
2774
2831
5300
3625
5700
3089
2768
4485
2669
2781
5665
6087
3535
5204
4320
3246
3371
3946
5621
5721
2439
2629
4746
4962
5946
3600
4659
4500
5528
5533
2840
3018
3322
5961
3795
3948
5571
4783
5994
5502
3980
6163
4681
4410
4198
3897
5172
4835
4956
2937
3842
3179
3333
2536
2728
2768
3454
2943
4325
2974
3043
3182
3682
4973
5527
3129
4322
2524
2842
3362
4283
3357
5557
2547
3587
3538
3914
6042
4173
5452
2541
4983
5280
3934
2518
4408
2560
2907
4089
5306
5401
5253
5570
2945
2880
2605
3138
2736
4061
5038
2834
3451
6111
2628
2618
2803
3227
3460
5669
3416
5202
2807
5388
3793
5197
2999
3037
5481
5539
3355
5698
2772
3797
5468
5362
5567
2839
2875
5386
2864
5737
2865
5736
3981
5193
5363
5569
3623
5379
2606
3052
3499
5381
2561
3546
2641
2788
3079
2642
2787
3080
2524
4103
4678
2977
4382
4286
4382
3087
3102
4562
2512
5813
2965
3776
3868
5042
2827
2892
3103
2595
3341
2850
4881
4423
2635
3194
3202
3757
3973
5240
4257
2602
3611
5199
5856
3056
3243
5910
6146
6172
5689
2694
4911
3296
3096
4469
3230
2722
5945
5560
3086
5185
2773
5029
2534
2979
5005
4350
2604
3610
2585
4937
4315
2711
4087
3277
5333
2935
3485
3768
5640
5255
3218
5749
2572
3460
2890
3162
5252
5904
3072
3506
3881
3028
3124
4393
3306
5960
3009
3604
6203
5473
5734
3441
6080
5756
2636
2964
3381
2646
2675
6051
3091
3965
3335
4966
3683
4746
5739
3585
5289
3357
3865
5146
5167
2606
3601
4177
3168
5408
4483
5799
4686
5838
4440
4957
4620
5781
5055
3069
2791
4555
3009
2878
2879
3139
5707
3821
2739
3533
3082
2717
3200
3246
2667
4818
2975
3000
3714
4828
4983
3881
5318
2978
4649
5277
3315
2830
3064
3517
3249
3731
5430
4046
5285
4901
5781
3437
4064
4564
4636
2877
4067
2745
2796
5059
5860
5911
3185
4714
3186
4715
4000
6002
6088
3047
5615
2906
4259
2770
3594
3373
2747
4877
5750
2655
5054
4662
2651
5009
4951
5529
4776
5002
3125
4543
3853
5654
2927
4359
5960
3189
3583
2793
3491
3164
4297
4125
5063
5584
5670
3167
3428
6105
4332
3005
3538
3695
5334
3454
3119
3294
5244
3120
3293
5243
2650
4170
3201
5727
2943
2957
3907
5611
4656
4378
2766
3248
5267
4753
5375
3334
3789
3078
3675
5268
2857
5320
3002
3135
2938
4567
3271
3854
3028
3874
2860
5198
4547
3601
5744
3988
4736
3651
5731
2692
3750
5397
2772
2818
4342
2871
3846
3421
2951
4537
5853
2933
5483
2748
5310
2832
3264
3684
5175
3067
5829
2930
2728
3208
5516
2977
6217
5640
3979
5192
5825
4277
5862
3804
4770
3241
3242
3825
5713
4220
4630
5708
4049
2895
3636
3719
4412
5214
5927
4148
5035
3945
5061
3485
5340
5839
3007
5368
2923
4179
3938
5671
4131
5367
3021
3626
4652
3533
3957
2837
5803
3013
5444
5842
2769
3425
4041
4550
4015
4525
4939
3755
5193
4473
3284
6053
2993
3385
3840
2814
5867
3433
3398
3740
3098
5078
5412
3318
6036
2797
3146
6101
2780
4771
5699
5642
5655
3399
5539
5784
2892
3134
6048
2838
3069
5764
3373
4988
3940
5098
4959
6160
2928
3106
3182
3516
2801
4269
3372
4018
4243
5299
5536
3527
5004
3411
3983
5631
4195
2856
3367
5687
3855
4848
2874
3193
5030
3578
3750
4165
3082
5762
2815
4129
4881
2961
5381
4249
3325
4823
2941
3130
3423
4583
5493
2817
6130
4371
5754
3223
4388
4019
4554
3037
5129
4634
6081
3043
5130
5726
4278
3244
2851
5554
3605
4130
3468
5132
3466
6063
3126
4754
3127
4755
3253
3804
4348
2908
3268
5938
3631
4534
3758
3866
4899
2869
3766
3810
5675
5499
5036
2913
4413
4203
4246
3265
3520
4202
3053
4971
3596
5438
3015
4153
5509
2887
5286
2822
3441
5125
3117
6165
3397
5352
6029
4364
3856
3210
4477
6084
3256
3007
3761
3079
3186
3080
3185
5160
5874
3214
4380
2964
3962
3382
4273
5352
3230
5247
4030
5653
3124
3967
3595
4690
4822
2914
6109
3310
3387
5638
4699
3324
4470
5801
3095
3476
3345
3388
5864
3165
3455
4289
3316
3593
3486
4164
5799
2952
2919
4955
2920
4954
3932
5613
4430
2870
3019
2906
3063
3051
4696
4309
5542
2863
4528
4320
3024
4832
3765
3764
3706
6030
3281
4735
5180
3923
2966
4158
3243
3029
3347
4388
5926
3391
3660
4750
3240
4433
5872
3326
2894
4818
5421
3657
4485
5221
3541
6060
3231
3627
3893
3063
4856
3183
3811
3838
3543
4219
4793
5128
3397
3060
3321
5918
4860
4024
5350
3101
4024
5571
2979
3145
4613
4141
3075
4826
4415
5770
2945
3308
4527
3748
5913
3203
2949
4013
3234
3829
3844
2925
3210
5565
4171
3020
3121
4045
5806
3051
5200
4525
5957
3525
6074
6073
3146
5520
2989
3361
3097
6041
5779
5688
5986
3224
3918
4230
3721
3684
4261
5928
6207
3168
6050
3827
5794
3611
3200
5708
5501
5951
3239
5651
4031
3136
3350
3821
4089
5482
3056
4678
3084
5219
3039
3110
3417
4470
5873
5104
5577
3058
5089
5110
4522
5709
5383
3926
4323
5894
3833
5157
4464
3464
4145
3001
5364
3187
5172
3567
6210
3226
3737
4406
6179
5687
4254
3063
3203
3288
3537
5753
4182
3472
5088
4073
5631
5642
5522
4716
3138
3177
5717
3143
3164
3492
4897
3267
4581
5723
3646
4086
4368
5235
5478
6076
3144
3962
4013
5161
3985
5684
4814
4347
4872
3787
3212
3275
6034
3569
5752
3184
3720
3622
4774
6031
3109
3235
3502
5123
3251
3159
3261
4147
3206
3520
3061
3900
4278
4027
4811
3771
4549
4622
6140
3406
5949
3075
5713
5846
3450
4067
3221
4103
5910
3228
4601
3490
5478
6076
5446
5920
3340
4686
5313
5518
3588
5002
3177
5654
3133
3179
3730
4830
3102
4603
3222
3042
4179
3194
3250
5739
3057
5986
5572
5903
3550
3607
3456
3929
6177
3414
5568
3674
4384
3191
4528
3224
4724
5912
3434
3523
3239
4729
5914
3160
6010
3161
6011
4727
5142
5566
3174
5201
6084
3342
5842
3372
4527
5302
5553
3559
4107
3150
3982
4195
3580
3650
3632
3672
3362
5150
4140
3666
5115
3562
3217
4685
5905
3619
5061
5034
5832
3240
3355
4989
4978
5579
5615
4411
3262
3420
3506
3364
3386
5080
4645
5601
3508
4843
3255
3559
4654
5398
3319
3113
3221
4561
5612
3328
4768
4968
5471
4395
5600
3385
3691
4505
4480
4648
3641
4298
4862
4870
6045
3359
4888
5338
3358
4887
5339
5894
3115
3599
3250
5671
5979
3642
3909
4264
5939
6053
3335
3817
3281
5790
4229
4228
4449
4573
4558
4101
3343
3293
3336
3294
3337
3458
5033
5663
5903
3302
3557
4233
3261
3362
5616
3430
4547
4559
4322
4148
4995
3389
4214
5120
5431
4456
3414
3553
5337
5768
5860
4812
4124
4498
4999
5419
5429
3228
5191
3754
4079
3364
5219
3407
6000
3382
4307
3215
4009
3269
3392
3798
4013
5646
6185
5647
6186
3735
5187
3591
4503
3685
4127
4574
3317
4962
5954
6134
6047
3357
4377
5740
3542
4234
4452
3779
3994
4116
3229
5570
3181
3405
3344
3860
3546
4417
3787
4076
4703
5417
3526
4143
4604
3393
3897
5911
3753
3291
3394
3566
3780
5213
3232
3596
3674
4172
3475
5902
3273
3784
4752
3444
4454
5998
3233
3551
4636
3445
4508
6008
5868
4459
5997
3364
3445
4162
3523
3553
3950
4055
3921
3777
4799
5011
5233
3919
5150
6085
6043
4745
5132
3347
3972
5864
3756
4071
6162
3529
4022
3446
3248
5046
4194
4637
3384
4733
3607
3751
4293
3686
4572
5872
4333
4334
4700
3780
5030
3942
4799
3621
5258
5560
4234
5720
3610
3422
3571
4256
4910
4917
5416
5531
6150
4043
4650
5588
3718
5271
3914
4165
4017
6100
4155
3891
5440
3298
3917
4058
3436
3274
3916
3944
3956
3446
4653
5537
4369
5272
3577
3659
3676
4282
4331
3830
3288
3383
5958
6039
3426
4066
4077
3539
4043
4944
3531
3631
4282
3616
5987
3656
4223
3533
3690
3854
5320
3683
4328
5986
3653
5147
4898
5086
5087
5326
5328
3598
4053
3488
3986
5290
3311
3369
4070
3452
4356
5049
6134
3639
5944
3310
5379
4064
5082
5806
3500
4030
4556
3630
4863
4050
4271
6049
3920
4658
5440
3762
3458
4584
4618
4149
3499
3700
4441
4153
5899
5220
4102
5695
3417
4047
5731
3785
4940
4805
5587
4849
5173
3489
4391
5204
3332
4313
3883
5773
4608
5564
3346
4541
4302
6027
4301
6028
3874
5227
3507
4051
4463
5955
4066
3576
6141
4450
3597
5586
6068
5186
3886
3515
4845
6193
4425
4918
4825
5289
3620
3763
4303
3811
3898
4946
4945
4275
4844
4145
5247
3560
5787
3829
3925
5828
4197
5151
3487
3740
3424
3712
4713
5418
3442
5088
3759
4288
4366
5060
5467
5996
3618
5557
6005
3597
3841
6158
3683
4341
4876
3944
4796
5358
3669
5841
3534
3853
4212
4821
5995
3476
3939
4374
3763
5670
5113
5724
3552
6054
4161
3714
4468
5056
5123
3405
4705
5706
4064
4556
4316
6015
4349
5623
5991
3881
4266
3721
4079
3723
3644
5436
5772
5963
3667
3517
5608
6204
4817
3538
3930
4379
5955
3566
3971
5532
3643
5810
5625
6066
6110
5410
6102
4758
3652
4420
3572
3868
4242
5610
3667
3910
3699
5136
3463
5312
3702
5550
5305
4817
3564
5831
3606
3938
4011
3496
5923
4494
5678
3471
3489
6022
6205
3482
3872
5361
3468
3544
5475
5764
4464
5281
6117
5458
3523
3890
4026
3652
3855
3875
4062
4438
5247
5474
5762
4595
4932
3994
4244
3816
3991
4101
3618
3912
4496
4813
3649
3733
4058
5754
3669
3920
5207
3789
3566
3600
3788
3716
5280
5812
6107
3536
3744
3749
5450
4738
3943
3954
3994
5858
5889
5216
3529
3696
3913
5681
4410
5552
5645
3908
4087
3962
3928
4551
3528
6015
3802
4599
5540
3654
4327
3539
5774
4189
5661
3668
3510
3678
4938
5101
4175
5389
5205
3547
3759
5225
4125
4702
3728
3941
4191
4992
5662
3921
5564
3982
3913
4109
4381
5348
3869
3616
3859
3753
4995
4665
3595
5962
4950
4986
4897
4971
3595
3696
4391
3773
3903
4304
5376
4565
5329
4247
3596
3598
3734
5800
3928
4385
5410
3597
5976
6207
4948
6080
3625
4021
4740
4893
4920
5166
3992
3705
3915
3826
4314
3620
5639
3803
3947
5126
4982
3672
3966
5118
3574
4506
5251
4507
4012
5828
3939
4319
3628
4018
4515
3676
3818
3727
5288
3725
4531
4802
4122
5553
3659
5553
3782
3728
3778
5433
6057
4221
4277
4585
4531
6110
4087
4664
4068
4295
4619
5483
4270
5519
3710
5192
5041
5953
3786
4810
4298
4497
3637
3660
6170
3602
3840
4469
5124
3976
4353
5548
3660
3734
4151
4768
5936
3729
4147
5161
3667
3688
5951
3784
3968
6071
3725
5461
4055
4338
5505
4032
4299
5555
5901
6007
3785
3839
3796
4222
6004
4208
5859
4254
4548
3758
4620
4331
3707
5090
4907
5909
3805
4023
3899
4373
4829
4016
4730
3865
3949
5026
5106
3704
5937
4761
5351
4900
4224
5916
4968
4387
4638
4932
5102
3762
3993
5766
5984
4404
3717
5094
3681
4629
4090
4208
4422
3852
3690
4356
3967
4009
5491
3930
3754
4850
5066
4326
5704
4301
4946
4302
4945
3695
4457
5738
5184
4409
5902
4728
5523
4414
4929
3863
3857
5946
3931
3963
3737
3814
3759
6086
6173
3693
5234
4023
4584
3739
4151
4112
5718
3903
3944
4633
4773
4518
3729
3955
4415
5707
4906
4682
3911
4370
5450
5473
5109
5652
4912
4004
5889
3772
5006
3863
4926
4187
3876
3916
4581
6213
3777
4866
6123
6094
4999
5802
4680
5333
3778
4927
4825
5091
4040
4182
5395
5857
4546
4070
4496
4975
5798
3975
5293
6059
4421
4834
4356
4389
5143
4140
5727
4883
5248
5937
4857
5678
3812
4294
5869
3895
4181
5387
3786
6052
4749
4129
4086
5455
4565
4615
4092
5948
3900
4220
3794
4491
5141
3895
3851
4204
3832
5757
5758
4001
4725
6205
4395
4463
3952
4093
3953
4094
4097
6010
4098
6011
4565
5360
3823
4080
4835
3790
4253
6176
5394
6016
3975
5189
4618
5256
4607
4352
5921
4239
4733
5053
5942
3952
5475
3953
5474
5546
3977
3887
4026
4226
4603
3813
4293
4268
4858
4134
5748
4265
4430
3967
5763
3843
3963
4048
4983
5142
3859
5665
4928
4038
5556
5792
4014
4355
3878
3886
4264
4150
4106
3904
6018
6175
3976
4210
5607
5572
4973
5500
4031
4136
6044
3955
5568
4884
4161
6091
3877
4095
4942
3867
4352
5562
5599
4002
5755
4218
5591
4118
5971
4388
5143
5694
3969
4376
5432
6068
4507
6187
4056
4074
4315
4993
5849
4374
5973
4266
6077
5527
4934
4075
4706
5413
4156
5816
4670
5040
4312
5726
5866
4128
3927
5971
4042
6033
4110
3958
5999
4256
3917
4789
5913
4420
4930
4865
5213
4115
5387
4048
4558
4762
5001
5245
4134
4792
4923
5371
6179
4081
5093
5775
4428
4187
4405
4242
4732
4022
3974
5954
4073
4211
4007
4980
4032
4844
3930
4966
4106
5978
5723
3959
4539
3978
4196
4674
5756
4150
4225
6081
5255
4923
4311
5062
5808
4679
5667
4020
4719
4190
4399
4739
5367
5196
5283
4470
4448
4204
5821
4980
4223
4369
4321
4269
4829
5525
4159
5987
4053
4116
4005
5197
5921
4123
5718
4849
4336
4992
5573
4154
4557
3995
4386
4488
4758
6092
4020
4193
6216
4379
4395
4136
5300
5943
4383
5500
4706
5898
4522
4734
5370
4411
4733
5510
4412
4825
5691
4573
5021
5311
5399
5641
4588
4836
5070
4023
4026
5222
6089
4069
4422
5579
4060
4479
5033
4606
5140
4173
4196
5152
5890
6046
4259
4100
4484
5217
6097
4585
5136
4300
4019
4176
4296
5149
4482
6121
4778
5075
4306
4277
5891
5748
4178
4178
4848
5694
4344
4346
5134
5271
5669
4661
4325
4251
4667
4927
4252
4666
4926
4105
4133
4621
5044
4561
5730
4117
6037
4135
5447
4260
5171
6017
4508
5968
4211
5386
4392
5610
5715
5244
6126
5711
5880
4450
5964
5022
5243
5005
5240
5470
5653
4084
4475
4358
4119
4646
4672
4978
4471
4159
5251
4218
4439
4382
6173
5867
5973
4170
4270
4804
5032
5148
5275
4723
4896
5411
5444
6178
4264
4795
4430
4460
4569
4741
5567
4210
4427
5758
5757
4757
5569
5646
5647
5311
4419
6104
4330
4253
4709
4274
5054
5285
5940
6215
4594
4258
5666
4112
5156
6161
5372
4248
4551
4357
4394
4299
4861
4181
4429
6154
5039
4445
5382
5948
4175
6089
4908
6023
6216
5448
4307
5645
5308
5800
5017
4155
4680
4801
4603
5977
4403
5357
4235
5752
5355
5715
4891
5932
6097
5069
4740
4221
5862
5990
4956
4286
5790
4362
4533
6004
4306
4508
6008
6048
5044
4747
5618
5397
4203
4246
4600
5364
5962
4537
5429
4397
4612
5451
6146
6199
4384
5540
5835
4367
4489
4940
5907
4771
4556
4580
4602
4499
4772
5021
4928
4287
4790
4539
5111
5756
4216
5517
4878
4517
4895
5425
4655
5456
4217
4361
5890
4199
5753
5306
4265
4635
4304
4590
5071
5958
4510
6021
4466
4291
5489
5604
5474
5885
5475
5887
4652
4698
5329
5360
4245
5877
4488
4435
4452
4942
6149
4905
4543
4466
5656
4293
4545
4347
4938
4514
4285
5953
4340
4634
4969
5793
5461
5226
6027
5224
6028
5778
5940
4324
5652
4389
5985
4823
4319
4609
4244
5452
5835
5417
4921
5241
5761
4240
4453
5262
5938
4596
4793
5252
5657
5450
4394
5246
4434
4577
4644
4570
4571
5695
4710
4676
6195
4401
6127
5619
6045
5457
5498
5529
4345
4639
4709
4673
4308
4548
6118
4792
5819
4859
5847
4511
4531
5372
4372
5769
5068
5003
5349
4547
4400
4717
5589
5230
5773
4345
4285
4419
6212
4552
4444
5983
4623
4808
4650
4575
4868
4990
5810
5916
4826
5075
6112
5236
5805
4584
4351
5833
5712
5339
5338
4536
4428
5072
5162
4515
4364
5097
4317
4405
5969
4365
4373
4416
4602
4943
4448
4340
4871
5011
5672
5433
5688
4375
5001
4587
5488
4431
4450
4599
5027
4457
4867
4643
4380
4933
5611
6088
4476
6178
4650
4367
4562
4354
5518
5622
5101
4516
5232
5875
6005
4609
5943
5165
4925
6191
4699
4811
4701
5937
4668
4521
5501
5550
4481
4708
5606
4595
5747
4692
4680
4829
5984
5253
5580
5733
4624
5022
5053
5836
4385
5080
5374
4590
5968
4463
5763
6076
6182
4431
4546
4523
5296
4504
4617
4990
4496
5488
4439
4951
5377
5530
4662
4424
4687
4917
4765
6060
5043
4506
5831
5108
5512
5866
5927
5012
4566
5311
4629
5789
4621
4561
5269
5526
4833
6206
5183
5996
5796
4569
5535
4581
4985
5917
4546
4737
5399
4885
6013
5882
4868
5447
5282
5495
4925
4640
4555
5869
6112
4886
4486
4915
4442
5089
6163
4538
4726
4557
5845
4725
5193
6197
4651
6006
4495
4772
4594
4834
5430
4744
4586
5224
4473
4671
4974
5377
4589
5226
5958
4479
4626
5048
4722
4659
4509
5883
5070
4745
5275
4502
5607
4731
5105
4563
5201
4727
4598
4998
4601
5230
4701
5019
5046
4981
5920
5042
6156
4534
5748
4677
4599
4960
4990
5901
4675
5844
4720
4875
4645
4628
4774
5857
4866
5534
4876
6178
5049
5969
4908
4760
4642
4891
4647
4890
5188
4711
6064
5789
5488
4790
5065
5576
4770
5402
4944
5376
4663
4783
4863
4898
4542
4985
5154
5957
4619
4692
5869
5079
6189
4989
5152
4540
5099
4862
5165
5413
4576
6119
5442
5737
5477
5019
6019
4816
4988
4771
5346
4656
6051
4641
5081
6135
4766
4815
5342
5046
5221
4837
4837
4919
6171
4965
4853
6074
4854
6073
5931
4718
4899
4728
4688
4747
5007
4747
5581
4689
4851
4611
5254
5420
6119
5759
4836
5970
5563
5760
4637
4797
6165
4610
5223
5356
5113
5538
4670
4827
4987
5456
4998
5223
5848
4842
5170
4609
4916
5798
4655
6087
5012
5783
5228
5600
4697
5589
4763
5095
4791
4827
5672
5385
5562
4800
5516
4835
5630
5309
5315
4742
4858
5378
5876
5358
4832
5967
5780
5621
5975
5181
5759
5182
5760
4752
4695
4673
4882
6192
5892
6063
5052
4704
5525
4765
4705
4802
5000
5031
5359
5043
5254
4669
4998
4839
5719
4952
5455
4700
4658
5291
4953
4924
4936
5040
5460
5716
5922
4753
5073
4941
5011
4954
6073
4955
6074
4937
5292
5606
5633
5368
5323
5681
5455
6006
5008
5910
5030
6141
4855
4952
5597
5793
5050
4934
4820
6114
5816
4794
5318
5062
4857
5131
4904
4916
5821
4820
5416
5743
4780
5043
5431
5263
4841
4705
5100
4994
5283
5052
5025
4972
5356
5507
6132
5506
6131
5103
5990
5428
4764
4904
5164
4785
5250
4786
5137
6198
4987
6016
6022
6197
5202
5963
5205
5444
5697
4767
4848
4769
5482
5675
4841
4967
5009
5393
5361
4756
5187
5982
4795
5012
4752
4773
6071
5478
5086
5087
5025
4788
5229
5308
5415
5248
6160
5595
6115
5195
5463
4874
5917
6054
5676
6009
4826
5713
5267
4890
5536
5330
5622
4886
4943
5208
6200
6201
4963
5085
5154
4880
6070
5037
4971
4863
4947
5766
4819
6148
5469
4864
5601
5909
4866
5387
5859
5827
5002
5075
5263
5051
5100
6126
5984
5172
6017
5113
5992
5975
6171
5137
5755
4948
5135
5139
5697
5259
5260
6137
5072
5176
5721
5376
5619
5639
6026
6077
4950
4986
5448
5350
6161
5152
5189
5212
5936
5422
5344
4903
5101
5925
5506
6061
5507
6062
5401
5133
5061
5460
5771
5981
4974
5108
5901
5765
6030
5619
5166
5676
4922
5186
5321
5351
5053
5324
5188
5380
5374
5092
6020
5085
5065
5129
5130
5018
5286
5409
5140
5702
4895
6064
5620
4923
5920
6026
5598
5231
5476
6140
5166
6058
5249
5149
4996
5744
6041
4996
5319
5178
5232
5547
4991
4991
5304
5055
5196
5820
5107
5164
5844
5207
5902
5741
5751
5144
5077
5076
5194
5269
4965
4969
6106
6111
5139
6081
5227
5117
5618
5035
5615
6129
5233
5082
5058
5394
5395
5301
5935
5305
5470
5716
5928
5445
5832
5216
5398
5863
5085
5248
5027
5237
5180
5202
5069
5945
5209
5332
5246
5492
5680
5695
5950
5366
4972
5013
5264
6129
5992
5284
5077
5090
5885
5740
5076
5094
5887
5575
5312
6124
5584
5029
6059
5040
5029
5499
5353
5287
5477
5008
5347
5486
5728
5036
6101
5943
5736
5656
5834
6190
5911
5055
5373
5391
6061
5390
6062
5433
5138
5027
5096
6188
5967
5607
5648
5891
6125
5346
6056
5147
5268
5194
5701
5650
6145
5409
5183
5402
5905
5179
6034
5145
5720
5165
5637
5874
5106
5167
5434
5968
5128
5155
5190
6105
5412
5349
6101
5204
5097
5218
5281
5316
5219
5084
5385
5295
6161
5494
5091
5375
5427
5122
5549
5908
5397
5170
5124
5551
5396
5767
5162
5273
5103
6116
5314
5503
5209
5287
5617
5111
5354
5570
6084
5177
5526
6211
5635
5303
5508
5501
5578
5551
5343
5378
5874
5406
5184
5783
5345
6115
5151
5829
5163
5358
5270
5614
6124
5486
5782
5643
5305
5857
5296
5892
5682
5593
5666
5452
5875
6035
5801
5454
5315
6133
5263
5587
5402
5251
5211
5985
5442
6121
5307
5600
5579
5364
5561
5323
5616
6020
5313
6169
5292
6096
6102
5394
5395
5471
5950
5500
5398
6148
5423
5406
5381
5886
5185
5999
5365
6014
5198
5538
5724
5587
6019
6010
6011
5981
5479
6134
5407
5537
5882
5320
5336
5250
5565
5511
6025
5237
5343
5842
5513
6187
5487
5235
5735
5280
5276
6210
5357
5277
5933
5222
5761
5465
5860
5751
5626
5297
5502
5627
6137
5242
5786
5490
5359
6029
5354
5480
6114
6079
5616
6085
5861
5423
5982
5438
6109
5293
5294
5888
5393
5356
5438
5580
5510
6150
5382
5888
5449
5944
5985
6092
5307
5612
5513
5517
5893
5925
5443
6069
5373
5843
5401
6157
5511
5856
5684
5696
5440
5628
5454
6108
5325
5496
5318
5991
5423
5930
5493
5369
5807
5714
5481
5408
6047
6119
5388
5453
5924
5519
5516
5552
5702
6192
5926
5420
5426
5497
6067
5420
5746
5489
5559
5746
5487
5738
5521
5641
5524
6190
5997
5998
5485
6050
6025
5425
5457
5924
5786
5632
5805
5930
5453
5466
5649
5413
5403
5404
6072
5852
5463
5535
6177
5961
5876
6110
5477
5605
5555
5938
5561
5701
5396
6143
6196
5514
5515
5530
5735
5518
6167
5476
5988
5547
5989
5658
5462
5803
5603
5692
5544
5468
5464
5549
5563
5484
6005
6075
5923
5441
5674
5586
5625
5689
5437
5480
6133
5637
5592
6198
5814
6031
5531
5451
6007
5669
6137
6188
5573
5595
5582
6056
6115
6155
5520
5529
5815
5710
6107
5472
6181
5979
6175
6126
5875
5784
6167
5641
5822
5522
5534
5644
5558
5592
6211
5532
5520
6143
5509
6166
5584
5670
5512
5918
5531
6132
6131
6058
6082
5822
5562
5820
6144
5770
6156
5728
5802
5840
6065
5599
5926
5900
5703
5755
5877
5635
5865
5865
6152
5942
5784
5674
5661
5668
5650
6083
5683
5623
5596
5848
5970
5613
5912
5753
5914
5583
5752
5698
6013
5724
5951
5815
5791
5709
5956
5719
6049
6113
6045
5722
5632
6183
5636
5749
5765
6123
5658
6120
6202
5809
5643
6152
5660
5896
5730
5634
5826
5904
5707
5693
6167
5915
6128
5811
5759
5760
5663
5742
6123
6077
5692
5808
5852
5950
5792
5879
5774
5763
5768
5734
6099
6098
5791
5788
5823
5716
5717
5727
5861
6006
6155
5847
5960
5778
5765
5993
5679
5743
5739
5747
5797
5830
5853
6054
5732
6044
5681
6142
5685
6176
5775
5895
5779
5977
5829
6057
5841
5691
5696
6125
5795
5816
5959
5735
6153
5806
5886
6023
6214
6046
5771
5884
5725
5721
5742
5812
5818
5956
5791
6127
5815
5795
6041
5940
6149
5838
5775
5780
6038
6111
5944
5757
5758
6130
6086
5785
5750
5817
6183
6046
5826
6090
5978
6100
5885
5887
6018
6150
5893
6053
5814
5881
6215
5859
5884
5898
5799
5831
5963
5852
5866
6202
5821
6177
5837
5976
6117
5855
5888
5935
5841
6164
5892
5896
6082
5870
5858
6104
5856
6067
5941
5931
5899
5906
6083
5907
6002
5879
5897
5846
5871
5917
6009
5947
6099
5897
5952
6098
6002
5895
6148
5894
6191
5878
5935
6018
5959
5903
6208
5972
6174
6079
5919
5974
5909
5919
6104
6214
5982
5939
6116
6154
6003
6189
6040
5971
6136
6196
6000
6032
6212
5991
5942
5994
6169
6003
6072
6055
6118
5957
5988
6013
6015
5989
6019
6164
5972
6038
6095
6021
5988
6138
5989
6139
5980
6094
6043
6037
6012
6116
6052
6030
6042
6014
6027
6028
6057
6103
6128
6059
6078
6092
6108
6038
6172
6091
6079
6040
6159
6036
6049
6170
6157
6106
6051
6080
6107
6112
6135
6131
6132
6075
6096
6070
6122
6120
6088
6093
6151
6142
6090
6103
6100
6139
6138
6120
6136
6176
6147
6133
6207
6121
6146
6144
6160
6156
6171
6200
6201
6166
6184
6188
6154
6162
6153
6195
6159
6168
6181
6175
6204
6199
6174
6208
6192
6189
6200
6201
6210
6196
6203
6215
6213
6205
6211
6217
6212
6209
6216
)


// ************************************************************************* //
